
------------------------------------
2.499999999999999887e-07
2.924999999999999524e-07
3.349999999999999690e-07
3.774999999999999856e-07
4.199999999999999492e-07
4.624999999999999129e-07
5.049999999999999295e-07
5.474999999999998402e-07
5.899999999999998568e-07
6.324999999999998734e-07
6.749999999999998900e-07
2.499999999999999887e-07
2.924999999999999524e-07
3.349999999999999690e-07
3.774999999999999856e-07
4.199999999999999492e-07
4.624999999999999129e-07
5.049999999999999295e-07
5.474999999999998402e-07
5.899999999999998568e-07
6.324999999999998734e-07
6.749999999999998900e-07
