1.999689319904517420e-07
4.531115498223281391e-07
5.119062107845382200e-07
5.775129978619682625e-07
5.824498903163418736e-07
5.081327807506782485e-07
4.716334589897029872e-07
4.319687787883840522e-07
3.767871335961693205e-07
3.688280976079938241e-07
3.386949991729702153e-07
2.789045919726915757e-07
2.957149038251126248e-07
5.769320369247237545e-07
5.236876278890223499e-07
6.369496109440613761e-07
7.200125984394191476e-07
7.586519549522027034e-07
7.854143221815564280e-07
7.199744915071427592e-07
7.136522169644602279e-07
1.758640327447152344e-07
2.157860765813440517e-07
2.271892818777789700e-07
2.878915905322683205e-07
2.050374051979847118e-07
1.801113751518986312e-07
1.006688142183472796e-07
1.989358238975051742e-07
2.631727072293475305e-07
2.847891664271695050e-07
2.938400271650432396e-07
3.152792613094992951e-07
2.839118217344215521e-07
3.597802312047739212e-07
7.091722039904656826e-07
7.062115200191444040e-07
7.216494487400635017e-07
7.369281848301264330e-07
6.788092174286258228e-07
7.005778178022967032e-07
6.809984948776333489e-07