3.205621976423035308e-07
5.495188851225651300e-07
5.134777171922388850e-07
4.778450483627631848e-07
4.482792615501474300e-07
4.368065337531924716e-07
2.475029533386852548e-07
4.188481716702146651e-07
6.445294722533477717e-07
7.063906916732219251e-07
7.011731702744463339e-07
2.451141223201416871e-07
2.310920624162480596e-07
1.999999999999999909e-07
2.631820011570044496e-07
4.051522244764964447e-07
4.901071163449388747e-07
4.481216602749355176e-07
4.321181556865582789e-07
7.873761350855763830e-07
7.995620899245693391e-07
7.065963829112753595e-07
