AT ITERATION 0:  FOM = [1.68468456]
PARAMETERS = [3.45388454e-07, 5.79837021e-07, 6.05985574e-07, 5.36813240e-07, 4.00228863e-07, 4.80411578e-07, 2.88221327e-07, 5.18848172e-07, 6.92317408e-07, 8.03299824e-07, 7.75241767e-07, 2.98374123e-07, 2.81376840e-07, 2.00000000e-07, 2.71629512e-07, 4.15964032e-07, 5.48475386e-07, 4.39320941e-07, 4.10358384e-07, 7.90669850e-07, 7.79082108e-07, 7.12977464e-07]

 
AT ITERATION 1:  FOM = [0.95879138]
PARAMETERS = [3.89800551e-07, 6.13564909e-07, 5.30448313e-07, 4.36813240e-07, 4.22676469e-07, 4.98437953e-07, 2.40984491e-07, 4.56847347e-07, 6.83656785e-07, 7.90093212e-07, 7.58227119e-07, 2.18595190e-07, 2.53095100e-07, 2.17103828e-07, 2.50089184e-07, 3.37439181e-07, 4.55942006e-07, 4.46535880e-07, 4.60367902e-07, 7.94955580e-07, 7.75970175e-07, 7.03445231e-07]

 
AT ITERATION 2:  FOM = [1.38950785]
PARAMETERS = [3.63688575e-07, 6.02217634e-07, 5.56352520e-07, 4.75892896e-07, 4.03907980e-07, 4.88073687e-07, 2.68536932e-07, 4.93199484e-07, 6.82848302e-07, 7.68445367e-07, 7.30005840e-07, 3.18595190e-07, 2.61551224e-07, 2.00000000e-07, 2.45293884e-07, 3.57733125e-07, 4.98126046e-07, 4.22544384e-07, 4.46792392e-07, 8.00380549e-07, 7.75373946e-07, 7.09217921e-07]

 
AT ITERATION 3:  FOM = [1.49278224]
PARAMETERS = [3.75547615e-07, 6.31858615e-07, 4.70484642e-07, 4.10991946e-07, 4.14551970e-07, 4.90843975e-07, 2.36975431e-07, 4.50693411e-07, 6.72698262e-07, 7.31608110e-07, 6.68028099e-07, 2.18595190e-07, 2.36044565e-07, 2.34654659e-07, 2.39191928e-07, 3.38436179e-07, 4.19131397e-07, 4.24350945e-07, 4.78523724e-07, 8.16844584e-07, 7.84011902e-07, 7.16766198e-07]

 
AT ITERATION 4:  FOM = [1.18733475]
PARAMETERS = [3.62390447e-07, 6.21619556e-07, 5.07243697e-07, 4.55641934e-07, 4.16180390e-07, 4.84602548e-07, 2.69801263e-07, 4.79707756e-07, 6.79187758e-07, 7.40888095e-07, 6.99645214e-07, 3.18595190e-07, 2.50247195e-07, 2.19766610e-07, 2.49254943e-07, 3.52131597e-07, 4.62686487e-07, 4.34046220e-07, 4.78588725e-07, 8.17001776e-07, 7.82159272e-07, 7.19239099e-07]

 
AT ITERATION 5:  FOM = [1.60800576]
PARAMETERS = [3.96580858e-07, 6.43163976e-07, 5.02843307e-07, 4.51335321e-07, 3.49146067e-07, 4.49949700e-07, 2.65400525e-07, 4.77133360e-07, 6.62907778e-07, 7.14657897e-07, 6.79953469e-07, 2.18595190e-07, 2.27350154e-07, 2.00000000e-07, 2.45230986e-07, 3.91785617e-07, 4.69980401e-07, 3.55501687e-07, 4.46618502e-07, 8.16077560e-07, 7.72146590e-07, 7.08167230e-07]

 
AT ITERATION 6:  FOM = [1.22777561]
PARAMETERS = [3.82151489e-07, 6.21349539e-07, 4.88615136e-07, 5.04862835e-07, 4.17260908e-07, 4.48050331e-07, 2.72635787e-07, 4.89986008e-07, 6.79467136e-07, 7.22930484e-07, 7.10255137e-07, 3.18595190e-07, 2.70705698e-07, 2.24095508e-07, 2.50492207e-07, 3.72641832e-07, 4.89186387e-07, 4.36732234e-07, 4.77133452e-07, 8.16723339e-07, 7.72940719e-07, 7.08929354e-07]

 
AT ITERATION 7:  FOM = [1.51435501]
PARAMETERS = [3.72058734e-07, 6.43786745e-07, 5.02769965e-07, 4.04862835e-07, 3.63338811e-07, 4.51140716e-07, 2.36283466e-07, 4.46905412e-07, 6.58764870e-07, 7.12370267e-07, 6.75461758e-07, 2.40860193e-07, 2.00000000e-07, 2.00000000e-07, 2.55559739e-07, 3.67553965e-07, 4.19664713e-07, 3.82182758e-07, 4.68605858e-07, 8.18043850e-07, 7.74272953e-07, 7.06785677e-07]

 
AT ITERATION 8:  FOM = [1.16008716]
PARAMETERS = [3.72645830e-07, 6.41558018e-07, 5.21622526e-07, 4.95672936e-07, 4.24148381e-07, 4.56243891e-07, 2.77268849e-07, 4.79562774e-07, 6.71435739e-07, 7.30896591e-07, 7.24056253e-07, 3.40860193e-07, 2.61709008e-07, 2.29328702e-07, 2.76501671e-07, 3.55120401e-07, 4.66512438e-07, 4.57251188e-07, 4.94316011e-07, 8.19451583e-07, 7.76752955e-07, 7.12437802e-07]

 
AT ITERATION 9:  FOM = [1.48574991]
PARAMETERS = [3.49342860e-07, 6.52289667e-07, 5.12932319e-07, 4.25874725e-07, 3.41961752e-07, 4.23971206e-07, 2.52929137e-07, 4.54736429e-07, 6.52093410e-07, 7.03622169e-07, 6.58762841e-07, 2.78906386e-07, 2.00000000e-07, 2.00000000e-07, 2.50493158e-07, 3.64129467e-07, 4.39149757e-07, 3.57251188e-07, 4.50371388e-07, 8.21145091e-07, 7.79960329e-07, 7.11225527e-07]

 
AT ITERATION 10:  FOM = [1.16724127]
PARAMETERS = [3.29719447e-07, 6.51045947e-07, 5.19691427e-07, 5.06645408e-07, 4.35095175e-07, 4.43388197e-07, 2.89916862e-07, 4.72117050e-07, 6.65836905e-07, 7.25273079e-07, 7.28028911e-07, 2.97532760e-07, 2.66593414e-07, 2.56297889e-07, 2.72690015e-07, 3.55223848e-07, 4.57045946e-07, 4.57251188e-07, 4.96224744e-07, 8.20884956e-07, 7.78705301e-07, 7.13368257e-07]

 
AT ITERATION 11:  FOM = [1.43487029]
PARAMETERS = [3.99435808e-07, 6.58430479e-07, 5.31575163e-07, 4.51446570e-07, 3.35095175e-07, 4.08938373e-07, 2.62678789e-07, 4.56779083e-07, 6.53327501e-07, 7.03193293e-07, 6.79528396e-07, 2.53704307e-07, 2.31305410e-07, 2.00000000e-07, 2.53518490e-07, 3.55562932e-07, 4.45895538e-07, 3.72892933e-07, 4.38807263e-07, 8.23485636e-07, 7.81527335e-07, 7.04581075e-07]

 
AT ITERATION 12:  FOM = [1.30932788]
PARAMETERS = [3.96363792e-07, 6.63693016e-07, 5.25136947e-07, 5.10088133e-07, 4.35095175e-07, 4.25417828e-07, 2.89967005e-07, 4.68943678e-07, 6.77240249e-07, 7.25155391e-07, 7.21386125e-07, 2.99251273e-07, 2.82186119e-07, 2.43265002e-07, 2.73629006e-07, 3.42148177e-07, 4.50870279e-07, 4.62843274e-07, 4.84818596e-07, 8.22568775e-07, 7.82680354e-07, 7.07872326e-07]

 
AT ITERATION 13:  FOM = [1.46780242]
PARAMETERS = [3.79193068e-07, 6.63310749e-07, 5.42716547e-07, 4.46113099e-07, 3.35398133e-07, 3.84989113e-07, 2.70006789e-07, 4.44353891e-07, 6.51270328e-07, 6.99723326e-07, 6.78068587e-07, 2.36387405e-07, 2.06176464e-07, 2.00000000e-07, 2.46809249e-07, 3.47415965e-07, 4.30337822e-07, 3.62843274e-07, 4.40986577e-07, 8.22073487e-07, 7.85615163e-07, 7.07254308e-07]

 
AT ITERATION 14:  FOM = [1.1406303]
PARAMETERS = [3.86164045e-07, 6.74012117e-07, 5.38582920e-07, 5.19685634e-07, 4.33597752e-07, 4.06455709e-07, 3.03275036e-07, 4.63591680e-07, 6.69599552e-07, 7.19552443e-07, 7.16140065e-07, 3.34854618e-07, 2.70087151e-07, 2.42787367e-07, 2.77954552e-07, 3.38126872e-07, 4.40123159e-07, 4.62843274e-07, 4.93386217e-07, 8.21105367e-07, 7.87406294e-07, 7.08889489e-07]

 
AT ITERATION 15:  FOM = [1.46195291]
PARAMETERS = [3.36844894e-07, 6.69233484e-07, 5.46604540e-07, 4.44743158e-07, 3.36246475e-07, 3.51849014e-07, 2.79506010e-07, 4.35331851e-07, 6.44883856e-07, 6.97410526e-07, 6.62994003e-07, 2.47511778e-07, 2.00000000e-07, 2.00000000e-07, 2.45276205e-07, 3.29371786e-07, 3.99063985e-07, 3.62843274e-07, 4.46392088e-07, 8.17203226e-07, 7.87598439e-07, 7.02061247e-07]

 
AT ITERATION 16:  FOM = [1.10882505]
PARAMETERS = [3.20332320e-07, 6.69608498e-07, 5.50900845e-07, 5.07562226e-07, 4.36246475e-07, 3.82206027e-07, 2.97225933e-07, 4.45023191e-07, 6.53527325e-07, 7.11693119e-07, 7.15144024e-07, 3.42230605e-07, 2.73961723e-07, 2.48084956e-07, 2.84826859e-07, 3.35094479e-07, 4.13514854e-07, 4.60291429e-07, 5.02443955e-07, 8.18596998e-07, 7.91178171e-07, 7.06090979e-07]

 
AT ITERATION 17:  FOM = [1.48728105]
PARAMETERS = [3.83031299e-07, 6.95054619e-07, 5.55312960e-07, 4.70016308e-07, 3.36246475e-07, 3.25770385e-07, 2.79964910e-07, 4.33998345e-07, 6.38851567e-07, 6.96194410e-07, 6.62395615e-07, 3.18604467e-07, 2.49710342e-07, 2.00000000e-07, 2.68753447e-07, 3.51293430e-07, 4.04656402e-07, 3.66782914e-07, 4.43455935e-07, 8.16408730e-07, 7.90372764e-07, 7.03770827e-07]

 
AT ITERATION 18:  FOM = [1.2259664]
PARAMETERS = [3.88515758e-07, 7.05339709e-07, 5.34386018e-07, 4.89643618e-07, 4.33264786e-07, 3.72237870e-07, 2.90521738e-07, 4.37046260e-07, 6.52055951e-07, 7.12109702e-07, 7.22995828e-07, 2.61165942e-07, 2.94066974e-07, 2.83112930e-07, 2.97206956e-07, 3.37419471e-07, 3.95930724e-07, 4.66782914e-07, 5.05549582e-07, 8.13523099e-07, 7.90043220e-07, 7.02618886e-07]

 
AT ITERATION 19:  FOM = [1.41372013]
PARAMETERS = [3.78603983e-07, 6.73115886e-07, 5.59347222e-07, 5.12277764e-07, 3.33264786e-07, 2.82987490e-07, 2.77816817e-07, 4.48046793e-07, 6.35769238e-07, 6.85650262e-07, 6.81907133e-07, 3.28880631e-07, 2.81114901e-07, 2.02732276e-07, 2.52378882e-07, 3.48471145e-07, 4.35460237e-07, 3.77620754e-07, 4.34251092e-07, 8.16907072e-07, 7.95464906e-07, 7.09335363e-07]

 
AT ITERATION 20:  FOM = [1.14797486]
PARAMETERS = [3.69249500e-07, 6.73883440e-07, 5.32119617e-07, 4.89031201e-07, 4.33264786e-07, 3.45666259e-07, 2.85640554e-07, 4.40539112e-07, 6.52684634e-07, 7.10010729e-07, 7.11005700e-07, 2.70444910e-07, 2.93358804e-07, 2.73141628e-07, 2.70926001e-07, 3.22863650e-07, 4.09279383e-07, 4.59907686e-07, 4.99866277e-07, 8.15780803e-07, 7.91398747e-07, 7.09577538e-07]

 
AT ITERATION 21:  FOM = [1.55506805]
PARAMETERS = [3.64895582e-07, 6.56755437e-07, 5.74955538e-07, 4.95450038e-07, 3.33264786e-07, 2.89042454e-07, 2.80053925e-07, 4.45393343e-07, 6.38881625e-07, 6.92510464e-07, 6.77312748e-07, 2.98860698e-07, 2.71128925e-07, 2.05419390e-07, 2.52307581e-07, 3.51846232e-07, 4.19713295e-07, 3.79710708e-07, 4.46905053e-07, 8.18502460e-07, 7.92891135e-07, 7.12484078e-07]

 
AT ITERATION 22:  FOM = [1.25448114]
PARAMETERS = [3.54042661e-07, 6.61612722e-07, 5.45414915e-07, 4.91870880e-07, 4.33264786e-07, 3.54953203e-07, 2.83593923e-07, 4.39715557e-07, 6.59488095e-07, 7.20099546e-07, 7.13229449e-07, 2.60867589e-07, 2.96122612e-07, 2.79001396e-07, 2.76332264e-07, 3.24818111e-07, 3.97766558e-07, 4.66392951e-07, 5.09952690e-07, 8.18455813e-07, 7.93192725e-07, 7.12017309e-07]

 
AT ITERATION 23:  FOM = [1.50278645]
PARAMETERS = [3.51621340e-07, 6.43675875e-07, 5.86995899e-07, 5.06113090e-07, 3.33264786e-07, 2.87710970e-07, 2.81583615e-07, 4.52327855e-07, 6.41108911e-07, 6.99737083e-07, 6.82031786e-07, 2.92241105e-07, 2.76005672e-07, 2.06190535e-07, 2.45260697e-07, 3.49688487e-07, 4.22258764e-07, 3.83393588e-07, 4.55001981e-07, 8.20909889e-07, 7.94004963e-07, 7.11931718e-07]

 
AT ITERATION 24:  FOM = [1.28863038]
PARAMETERS = [3.29367256e-07, 6.41722818e-07, 5.51314501e-07, 4.85897677e-07, 4.33264786e-07, 3.55679548e-07, 2.75195874e-07, 4.49563071e-07, 6.55901735e-07, 7.25809674e-07, 7.13005487e-07, 2.66843011e-07, 2.96796141e-07, 2.72596730e-07, 2.69399165e-07, 3.17422472e-07, 3.93777746e-07, 4.65562015e-07, 5.13166664e-07, 8.19660221e-07, 7.92589891e-07, 7.11360416e-07]

 
AT ITERATION 25:  FOM = [1.51395869]
PARAMETERS = [3.46589920e-07, 6.40856495e-07, 5.96183730e-07, 5.04089494e-07, 3.33264786e-07, 2.95506350e-07, 2.84232775e-07, 4.54953304e-07, 6.40557210e-07, 7.06306076e-07, 6.78447860e-07, 2.58252884e-07, 2.76473285e-07, 2.08002444e-07, 2.43058975e-07, 3.51269280e-07, 4.18401758e-07, 3.73774788e-07, 4.59256664e-07, 8.23549054e-07, 7.92689328e-07, 7.11843601e-07]

 
AT ITERATION 26:  FOM = [1.28440529]
PARAMETERS = [3.25730828e-07, 6.23890023e-07, 5.50375981e-07, 4.84692844e-07, 4.31864478e-07, 3.61000075e-07, 2.71615263e-07, 4.39527163e-07, 6.52032626e-07, 7.24935651e-07, 7.12623088e-07, 2.83452735e-07, 3.07945289e-07, 2.72734300e-07, 2.74190496e-07, 3.08967876e-07, 3.83909788e-07, 4.73774788e-07, 5.27212977e-07, 8.21263574e-07, 7.91777907e-07, 7.09606585e-07]

 
AT ITERATION 27:  FOM = [1.42595932]
PARAMETERS = [3.49782479e-07, 6.33268353e-07, 5.87622822e-07, 4.99661430e-07, 3.40357457e-07, 2.98869903e-07, 2.81510213e-07, 4.47324731e-07, 6.42280762e-07, 7.07646508e-07, 6.82983716e-07, 2.50994226e-07, 2.73239110e-07, 2.19760331e-07, 2.56136548e-07, 3.44236708e-07, 4.14486424e-07, 3.73774788e-07, 4.65524510e-07, 8.25691025e-07, 7.90786932e-07, 7.12940485e-07]

 
