3.043521172274522738e-07
6.116298626695179303e-07
6.262744966825442968e-07
5.121049708137633616e-07
4.068467016026181136e-07
3.406639893654125004e-07
2.970989103310463600e-07
5.196474993115921915e-07
6.732269017678787064e-07
7.399645148865360554e-07
6.998118469194014741e-07
2.492314289955053367e-07
3.030078755717721002e-07
2.720326534930366200e-07
2.035041207690491175e-07
2.860967569388420932e-07
3.611904264194581043e-07
3.890926574835394537e-07
5.040359434067707442e-07
8.296667155047302430e-07
7.876029424811602055e-07
7.096540832120520974e-07
