
------------------------------------
2.915546184731941187e-07
6.077472198218577478e-07
5.941291200811707681e-07
4.978850866852769004e-07
3.968626439153164820e-07
3.247833732956498957e-07
2.613448776288608106e-07
4.855717038131557685e-07
6.525763469923788950e-07
7.364260189358907188e-07
6.951624090505873911e-07
2.548518723396984311e-07
3.006045529628109429e-07
2.714428359464134844e-07
2.485963832145996066e-07
3.231913841680083121e-07
4.007930798555487283e-07
4.213410760303114696e-07
4.775468079096896115e-07
8.249868004892551407e-07
7.718259560323094279e-07
7.216360394838501804e-07
