
------------------------------------
2.354525061189165888e-07
5.083680009073236305e-07
6.238591825105307123e-07
5.565994284239856612e-07
4.472116016060345274e-07
3.755060418712114406e-07
3.012349293615630985e-07
4.111308227442250844e-07
6.511231828265106343e-07
7.027791691858170061e-07
7.006554514106969388e-07
2.563312206359505350e-07
2.621047481015293023e-07
2.735230443707536872e-07
1.999999999999999909e-07
2.421366929703571731e-07
3.322589730653261642e-07
3.898076214349052225e-07
4.153206817615667650e-07
6.969512120989353605e-07
7.607436938516374951e-07
7.063378797338610798e-07
