
------------------------------------
2.963087562507892750e-07
6.088546715616499772e-07
6.191198424584373230e-07
5.164205634441110131e-07
4.093534299084394948e-07
3.480130434868019361e-07
2.984974019365979214e-07
5.205982611982422193e-07
6.742359384098387608e-07
7.422007393508139378e-07
6.992029352857723663e-07
2.485649198416117246e-07
2.927778590014759757e-07
2.624714642608387244e-07
2.027539103734804984e-07
2.824985364188345834e-07
3.589585630646409039e-07
3.845305613467934333e-07
5.026865897514424450e-07
8.251875532617737426e-07
7.825164096255663814e-07
7.104936788334500916e-07
