1.999999999999999808e-13
1.999999999999999808e-13
1.999999999999999808e-13
1.999999999999999808e-13
1.199999999999999935e-12
1.199999999999999935e-12
1.199999999999999935e-12
1.199999999999999935e-12
1.999999999999999808e-13
1.999999999999999808e-13
1.999999999999999808e-13
1.999999999999999808e-13
1.199999999999999935e-12
1.199999999999999935e-12
1.199999999999999935e-12
1.199999999999999935e-12
1.999999999999999808e-13
1.199999999999999935e-12
1.999999999999999808e-13
1.199999999999999935e-12
1.999999999999999808e-13
1.999999999999999808e-13
