0, -0.6550682591835195, -0.39677563035420926, -0.25829262882931026, [2.0e-13, 1.2e-12, 1.2e-12, 2.0e-13, 2.0e-13, 1.2e-12, 2.0e-13, 2.0e-13, 1.2e-12, 1.2e-12, 1.2e-12, 1.2e-12, 2.0e-13, 2.0e-13, 1.2e-12, 2.0e-13, 1.2e-12, 2.0e-13, 2.0e-13, 1.2e-12, 1.2e-12, 1.2e-12], [-0.18319029,  2.02541688,  0.60965747, -0.75701254, -0.41242189,  0.70077338, -0.52072742, -0.29913887,  0.22451116,  0.48416681,  0.4468867 ,  0.51897899, -2.25230576, -0.37207792,  0.67996492, -0.03565263,  0.58161022, -0.5541185 , -0.48207739,  0.61904454,  0.38746075,  0.00651662]
1, -0.09173886270599985, -0.07901528483500231, -0.012723577870997538, [2.0e-13, 2.0e-13, 2.0e-13, 2.0e-13, 1.2e-12, 2.0e-13, 2.0e-13, 2.0e-13, 2.0e-13, 2.0e-13, 2.0e-13, 1.2e-12, 2.0e-13, 1.2e-12, 1.2e-12, 1.2e-12, 1.2e-12, 1.2e-12, 1.2e-12, 1.2e-12, 1.2e-12, 2.0e-13], [-0.09442653, -0.01505102, -0.01692819, -0.00273696,  0.06620631, -0.05838029, -0.05166491, -0.03669557, -0.02473514, -0.00401123, -0.00210672,  0.02112086, -0.01602594,  0.02979776,  0.02445607,  0.08639249,  0.02834424,  0.09122217,  0.05290691,  0.03141362,  0.00058225, -0.01042099]
2, -0.22508001270106914, -0.20451526634627737, -0.020564746354791774, [1.2e-12, 1.2e-12, 2.0e-13, 1.2e-12, 2.0e-13, 1.2e-12, 1.2e-12, 1.2e-12, 1.2e-12, 1.2e-12, 1.2e-12, 2.0e-13, 1.2e-12, 1.2e-12, 1.2e-12, 2.0e-13, 2.0e-13, 2.0e-13, 2.0e-13, 2.0e-13, 2.0e-13, 2.0e-13], [ 0.38301245,  0.0078576 , -0.09367177,  0.04777406, -0.03851979,  0.23506371,  0.23572533,  0.11688337,  0.05351776,  0.19206916,  0.08975257, -0.07097394,  0.12832429,  0.06587826,  0.04212329, -0.04027826, -0.0237132 , -0.15354186, -0.30237151, -0.16169956, -0.03508266, -0.13901877]
3, -0.017777232773536378, -0.008431191381827574, -0.009346041391708804, [2.0e-13, 1.2e-12, 1.2e-12, 1.2e-12, 1.2e-12, 2.0e-13, 2.0e-13, 2.0e-13, 1.2e-12, 1.2e-12, 2.0e-13, 2.0e-13, 1.2e-12, 1.2e-12, 1.2e-12, 1.2e-12, 2.0e-13, 2.0e-13, 2.0e-13, 2.0e-13, 2.0e-13, 2.0e-13], [-0.02796785,  0.02884406,  0.07860346,  0.04648019,  0.0116312 , -0.00773115, -0.05132747, -0.13086996,  0.06022932,  0.04565776, -0.04900577, -0.00950367,  0.03664728,  0.03864616,  0.02630472,  0.0228679 , -0.04839101, -0.03449554, -0.01739297, -0.01019404, -0.0529549 , -0.05967852]
4, -0.09770517950033764, -0.026273350067555823, -0.07143182943278181, [2.0e-13, 2.0e-13, 1.2e-12, 1.2e-12, 2.0e-13, 1.2e-12, 1.2e-12, 2.0e-13, 2.0e-13, 2.0e-13, 2.0e-13, 1.2e-12, 1.2e-12, 1.2e-12, 1.2e-12, 2.0e-13, 1.2e-12, 2.0e-13, 2.0e-13, 1.2e-12, 2.0e-13, 2.0e-13], [-0.15982267, -0.01353211,  0.01999826,  0.04567186, -0.04069449,  0.30764111,  0.19510435, -0.26765661, -0.07770005, -0.04544244, -0.12876417,  0.08178258,  0.0074681 ,  0.01246792,  0.06121052, -0.06435447,  0.34927704, -0.16847385, -0.1633996 ,  0.34262215, -0.65732232, -0.80201826]
5, -0.04132278547598611, -0.036532769051695335, -0.004790016424290777, [1.2e-12, 1.2e-12, 2.0e-13, 1.2e-12, 2.0e-13, 2.0e-13, 2.0e-13, 2.0e-13, 2.0e-13, 2.0e-13, 2.0e-13, 2.0e-13, 2.0e-13, 1.2e-12, 1.2e-12, 2.0e-13, 1.2e-12, 2.0e-13, 2.0e-13, 2.0e-13, 1.2e-12, 2.0e-13], [ 0.17794566,  0.07824359, -0.00261218,  0.00195751, -0.01782833, -0.00048027, -0.00567288, -0.11506725, -0.0956936 , -0.08000637, -0.07278512, -0.02532318, -0.04340354,  0.0253979 ,  0.01573523, -0.05386154,  0.02686503, -0.00153858, -0.05549967, -0.01721464,  0.04897198, -0.05094907]
6, -0.1413426500079512, -0.14089415718678744, -0.00044849282116377065, [2.00000000e-13, 1.20000000e-12, 1.20000000e-12, 1.20000000e-12, 1.20000000e-12, 1.20000000e-12, 2.00000000e-13, 2.00000000e-13, 2.00000000e-13, 2.00000000e-13, 2.00000000e-13, 1.20000000e-12, 1.20000000e-12, 1.20000000e-12, 1.20000000e-12, 2.00000000e-13, 1.20000000e-12, 2.00000000e-13, 8.67724495e-13, 1.20000000e-12, 1.20000000e-12, 2.00000000e-13], [-5.31490685e-02,  3.42010567e-02,  2.06275542e-01,  1.64506647e-02,  1.78151204e-01,  1.45768905e-01, -4.60788470e-02, -3.17695135e-01, -2.84421846e-01, -8.96346604e-02, -1.29437526e-01,  3.75259968e-01,  8.61215612e-02,  1.77961291e-02,  2.63963699e-03, -1.94958095e-01,  1.28300486e-02, -1.04015229e-01,  2.50570272e-04,  3.31568871e-02,  6.25733504e-03, -6.53155525e-03]
7, -0.22507004171132317, -0.21938467661936956, -0.005685365091953609, [1.2e-12, 1.2e-12, 2.0e-13, 2.0e-13, 2.0e-13, 2.0e-13, 2.0e-13, 2.0e-13, 1.2e-12, 1.2e-12, 2.0e-13, 2.0e-13, 2.0e-13, 2.0e-13, 1.2e-12, 1.2e-12, 1.2e-12, 2.0e-13, 1.2e-12, 1.2e-12, 2.0e-13, 2.0e-13], [ 0.17658355,  0.00287107, -0.0385468 , -0.0405997 , -0.06250255, -0.0069032 , -0.06730027, -0.05565796,  0.0239488 ,  0.01926716, -0.13725473, -0.00213752, -0.00133977, -0.00464008,  0.08153257,  0.33886893,  0.04448007, -0.05311275,  0.02005576,  0.03315662, -0.01699481, -0.06419526]
8, -0.08219398162774594, -0.06932939615103373, -0.01286458547671221, [2.0e-13, 2.0e-13, 1.2e-12, 1.2e-12, 1.2e-12, 1.2e-12, 1.2e-12, 1.2e-12, 1.2e-12, 2.0e-13, 2.0e-13, 1.2e-12, 1.2e-12, 1.2e-12, 1.2e-12, 1.2e-12, 2.0e-13, 2.0e-13, 2.0e-13, 2.0e-13, 1.2e-12, 2.0e-13], [-0.04390282, -0.15161196,  0.01324008,  0.29772916,  0.05979445,  0.11165853,  0.01420053,  0.01456402,  0.02305562, -0.00652063, -0.13182571,  0.31031019,  0.29260062,  0.05446604,  0.0090932 ,  0.0738729 , -0.00169843, -0.0040331 , -0.03442232, -0.01838057,  0.03234199, -0.04957746]
9, -0.007717288477162021, -0.006895027251799024, -0.0008222612253629968, [1.2e-12, 1.2e-12, 1.2e-12, 1.2e-12, 1.2e-12, 1.2e-12, 2.0e-13, 1.2e-12, 2.0e-13, 2.0e-13, 1.2e-12, 1.2e-12, 2.0e-13, 2.0e-13, 2.0e-13, 2.0e-13, 2.0e-13, 2.0e-13, 2.0e-13, 2.0e-13, 1.2e-12, 2.0e-13], [ 0.01827917,  0.01557889,  0.00598923,  0.00563931,  0.00052732,  0.00800157, -0.00599932,  0.00119242, -0.00420093, -0.00637663,  0.00216422,  0.0038622 , -0.01523233, -0.01721583, -0.01840116, -0.01443108, -0.00996321, -0.01700578, -0.03305152, -0.03263867,  0.00351314, -0.01086387]
10, -0.021944272909265816, -0.019249733633213473, -0.0026945392760523434, [1.2e-12, 2.0e-13, 2.0e-13, 2.0e-13, 1.2e-12, 2.0e-13, 1.2e-12, 2.0e-13, 2.0e-13, 2.0e-13, 1.2e-12, 2.0e-13, 1.2e-12, 1.2e-12, 1.2e-12, 2.0e-13, 1.2e-12, 1.2e-12, 1.2e-12, 1.2e-12, 2.0e-13, 2.0e-13], [ 0.00532468, -0.06260253, -0.05396899, -0.01453113,  0.02712466, -0.06078092,  0.01675716, -0.00677812, -0.02194587, -0.06207181,  0.01304696, -0.02513599,  0.00674086,  0.01394592,  0.01463845, -0.01552573,  0.0034633 ,  0.01966301,  0.01514691,  0.02532356, -0.01967635, -0.02073271]
11, -0.1617621370692236, -0.16008799504101923, -0.0016741420282043729, [2.0e-13, 1.2e-12, 1.2e-12, 1.2e-12, 2.0e-13, 1.2e-12, 1.2e-12, 1.2e-12, 1.2e-12, 1.2e-12, 1.2e-12, 2.0e-13, 2.0e-13, 1.2e-12, 2.0e-13, 1.2e-12, 1.2e-12, 1.2e-12, 1.2e-12, 1.2e-12, 1.2e-12, 2.0e-13], [-0.03840523,  0.11184593,  0.25053574,  0.09190242, -0.02955516,  0.06634411,  0.02948792,  0.06878139,  0.10575291,  0.08203735,  0.01563145, -0.07532355, -0.01216694,  0.00690575, -0.02369613,  0.14774502,  0.03049185,  0.02201025,  0.03084426,  0.01610679,  0.08252021, -0.05900525]
12, -0.14347484033848812, -0.0676483790015755, -0.07582646133691262, [2.0e-13, 2.0e-13, 1.2e-12, 2.0e-13, 2.0e-13, 1.2e-12, 1.2e-12, 1.2e-12, 1.2e-12, 1.2e-12, 2.0e-13, 1.2e-12, 1.2e-12, 2.0e-13, 2.0e-13, 1.2e-12, 1.2e-12, 1.2e-12, 2.0e-13, 2.0e-13, 1.2e-12, 1.2e-12], [-0.33916315, -0.02375577,  0.11806534, -0.11098791, -0.25727413,  0.128263  ,  0.07841117,  0.04973915,  0.09132286,  0.10908639, -0.0718744 ,  0.84888833,  0.12460348, -0.03270822, -0.01667256,  0.06113981,  0.05252241,  0.00531394, -0.0700098 , -0.01086064,  0.05699337,  0.06206931]
13, -0.029583647698669502, -0.01938940122240873, -0.010194246476260771, [1.2e-12, 1.2e-12, 2.0e-13, 1.2e-12, 2.0e-13, 2.0e-13, 2.0e-13, 2.0e-13, 2.0e-13, 2.0e-13, 2.0e-13, 2.0e-13, 1.2e-12, 1.2e-12, 1.2e-12, 1.2e-12, 1.2e-12, 1.2e-12, 1.2e-12, 1.2e-12, 1.2e-12, 2.0e-13], [ 0.1593095 ,  0.0865415 , -0.00319052,  0.01929229, -0.01263419, -0.02002603, -0.01192161, -0.02844396, -0.00088229, -0.0065783 , -0.01915442, -0.00101744,  0.02549763,  0.11397668,  0.05497607,  0.02574777,  0.01831292,  0.02036251,  0.00060761,  0.02454079,  0.03526318, -0.02361201]
14, -0.19165950618209526, -0.15960028316387187, -0.03205922301822339, [2.0e-13, 2.0e-13, 2.0e-13, 2.0e-13, 1.2e-12, 2.0e-13, 2.0e-13, 2.0e-13, 1.2e-12, 1.2e-12, 1.2e-12, 1.2e-12, 1.2e-12, 1.2e-12, 1.2e-12, 1.2e-12, 1.2e-12, 1.2e-12, 2.0e-13, 2.0e-13, 2.0e-13, 2.0e-13], [-1.29088166e-01, -1.50835345e-01, -4.36880790e-02, -6.95766668e-02,  7.83506006e-02, -2.41135084e-03, -5.98831225e-02, -1.96809579e-02,  5.55050559e-02,  3.94313885e-02,  7.69288037e-02,  2.85302902e-01,  2.81208914e-02,  3.20356574e-02,  9.53415693e-04,  1.45413124e-02,  1.79749988e-01,  7.00312429e-05, -4.70041467e-01, -2.46393562e-01, -5.92044207e-02, -2.64746088e-01]
15, -0.08542627770811284, -0.08412621559322331, -0.001300062114889533, [2.0e-13, 1.2e-12, 1.2e-12, 1.2e-12, 2.0e-13, 1.2e-12, 2.0e-13, 2.0e-13, 1.2e-12, 2.0e-13, 2.0e-13, 1.2e-12, 1.2e-12, 2.0e-13, 2.0e-13, 2.0e-13, 2.0e-13, 1.2e-12, 1.2e-12, 1.2e-12, 1.2e-12, 2.0e-13], [-4.87638392e-02,  1.59524634e-02,  9.45815063e-02,  8.72643797e-02, -1.16740366e-02,  3.07086316e-02, -7.88900652e-03, -1.21622818e-01,  8.52245673e-03, -9.21060686e-03, -1.18827710e-02,  2.60798565e-05,  7.27099380e-02, -2.56224064e-02, -1.31736332e-02, -1.40143378e-01, -6.76503192e-02,  1.22463758e-01,  1.10351205e-01,  9.43542872e-02,  1.31576228e-03, -8.89829279e-02]
16, -0.05585822381218519, -0.05468685289654973, -0.0011713709156354613, [1.2e-12, 2.0e-13, 1.2e-12, 2.0e-13, 2.0e-13, 1.2e-12, 1.2e-12, 1.2e-12, 2.0e-13, 2.0e-13, 2.0e-13, 2.0e-13, 2.0e-13, 1.2e-12, 1.2e-12, 1.2e-12, 1.2e-12, 2.0e-13, 2.0e-13, 1.2e-12, 2.0e-13, 2.0e-13], [ 0.0295273 , -0.00908472,  0.00106648, -0.02480786, -0.12978297,  0.00536579,  0.11866057,  0.13553094, -0.02799324, -0.0350566 , -0.08783721, -0.04103401, -0.01096615,  0.04570107,  0.102211  ,  0.04699458,  0.02923858, -0.0525136 , -0.0299635 ,  0.03100348, -0.04131805, -0.15353062]
17, -0.06739226907901896, -0.06651559174931698, -0.0008766773297019803, [2.0e-13, 1.2e-12, 2.0e-13, 1.2e-12, 1.2e-12, 2.0e-13, 1.2e-12, 2.0e-13, 2.0e-13, 2.0e-13, 1.2e-12, 1.2e-12, 1.2e-12, 2.0e-13, 2.0e-13, 2.0e-13, 1.2e-12, 1.2e-12, 1.2e-12, 1.2e-12, 1.2e-12, 1.2e-12], [-0.02308018,  0.07014492, -0.02334617,  0.06680607,  0.05859863, -0.0523887 ,  0.02116345, -0.04653094, -0.15287986, -0.06219327,  0.01064643,  0.12347744,  0.05221634, -0.0187445 , -0.00322861, -0.01530388,  0.01689538,  0.09388887,  0.05135689,  0.04426058,  0.0355498 ,  0.03846551]
18, -0.08039033508533189, -0.07709909344659671, -0.003291241638735176, [2.0e-13, 1.2e-12, 2.0e-13, 2.0e-13, 2.0e-13, 2.0e-13, 1.2e-12, 1.2e-12, 1.2e-12, 1.2e-12, 2.0e-13, 2.0e-13, 1.2e-12, 1.2e-12, 1.2e-12, 1.2e-12, 1.2e-12, 1.2e-12, 1.2e-12, 2.0e-13, 2.0e-13, 2.0e-13], [-0.0258945 ,  0.00884219, -0.24792279, -0.02564241, -0.01329294, -0.02369861,  0.03844142,  0.12826307,  0.17795691,  0.11476805, -0.05904346, -0.05069435,  0.0084241 ,  0.16539198,  0.13694919,  0.01292946,  0.04831578,  0.03275289,  0.04103419, -0.01355288, -0.00694339, -0.00143939]
19, -0.08911973352533631, -0.08031704326999822, -0.008802690255338086, [2.0e-13, 1.2e-12, 2.0e-13, 1.2e-12, 1.2e-12, 1.2e-12, 2.0e-13, 2.0e-13, 2.0e-13, 2.0e-13, 2.0e-13, 1.2e-12, 1.2e-12, 2.0e-13, 2.0e-13, 2.0e-13, 2.0e-13, 2.0e-13, 2.0e-13, 1.2e-12, 1.2e-12, 2.0e-13], [-0.08345632,  0.00183873, -0.00290922,  0.05498095,  0.07650535,  0.03138043, -0.08288334, -0.06280427, -0.02447388, -0.0200021 , -0.07807183,  0.08190059,  0.01529838, -0.05078318, -0.0391499 , -0.00288882, -0.13614863, -0.09063614, -0.03935691,  0.10297691,  0.02635651, -0.0896391 ]
20, -0.11080300090067818, -0.10654229515056113, -0.004260705750117055, [1.2e-12, 1.2e-12, 1.2e-12, 2.0e-13, 1.2e-12, 2.0e-13, 1.2e-12, 1.2e-12, 1.2e-12, 1.2e-12, 2.0e-13, 1.2e-12, 1.2e-12, 1.2e-12, 1.2e-12, 1.2e-12, 1.2e-12, 1.2e-12, 1.2e-12, 2.0e-13, 1.2e-12, 2.0e-13], [ 0.13101433,  0.0042682 ,  0.10714291, -0.01611752,  0.03471914, -0.07002209,  0.01655907,  0.19138155,  0.13782395,  0.06563504, -0.07282621,  0.03875167,  0.05632045,  0.09948007,  0.2124606 ,  0.31271661,  0.3187946 ,  0.22169279,  0.03993198, -0.02812921,  0.0651998 , -0.09764664]
21, -0.29909371065906787, -0.2604931784349156, -0.03860053222415227, [1.2e-12, 2.0e-13, 2.0e-13, 1.2e-12, 2.0e-13, 1.2e-12, 1.2e-12, 2.0e-13, 2.0e-13, 2.0e-13, 2.0e-13, 2.0e-13, 2.0e-13, 1.2e-12, 2.0e-13, 1.2e-12, 1.2e-12, 1.2e-12, 1.2e-12, 1.2e-12, 1.2e-12, 1.2e-12], [ 0.01348631, -0.04862577, -0.06431053,  0.17062431, -0.00219274,  0.22368559,  0.00900446, -0.06075111, -0.07769366, -0.33262084, -0.2403567 , -0.08333824, -0.0384685 ,  0.02955756, -0.07489361,  0.08145953,  0.09788696,  0.00096065,  0.02645929,  0.18210757,  0.00190156,  0.12221983]
22, -0.06712575684377475, -0.0669038406459197, -0.00022191619785505434, [2.0e-13, 1.2e-12, 1.2e-12, 2.0e-13, 1.2e-12, 1.2e-12, 1.2e-12, 1.2e-12, 1.2e-12, 1.2e-12, 1.2e-12, 1.2e-12, 1.2e-12, 1.2e-12, 1.2e-12, 2.0e-13, 1.2e-12, 1.2e-12, 1.2e-12, 2.0e-13, 2.0e-13, 1.2e-12], [-0.03403555,  0.03682284,  0.11194417, -0.046593  ,  0.03304805,  0.11994893,  0.08648238,  0.23258543,  0.17563926,  0.09415526,  0.38978648,  0.27007067,  0.0833378 ,  0.01622953,  0.02658334, -0.00260665,  0.01006094,  0.03516664,  0.05147057, -0.01296027, -0.0204086 ,  0.02767313]
23, -0.10293154266743099, -0.06081163549432611, -0.042119907173104876, [1.2e-12, 2.0e-13, 1.2e-12, 2.0e-13, 2.0e-13, 1.2e-12, 2.0e-13, 1.2e-12, 1.2e-12, 1.2e-12, 2.0e-13, 2.0e-13, 2.0e-13, 2.0e-13, 2.0e-13, 2.0e-13, 1.2e-12, 2.0e-13, 2.0e-13, 2.0e-13, 2.0e-13, 1.2e-12], [ 0.10436946, -0.00628514,  0.02162802, -0.10431276, -0.06854089,  0.03672545, -0.027118  ,  0.0560444 ,  0.05726533,  0.01348571, -0.05201231, -0.05453186, -0.08210193, -0.1257716 , -0.03826028, -0.00647737,  0.00368654, -0.04655263, -0.04257714, -0.089286  , -0.07717583,  0.00351914]
24, -0.027863759371586583, -0.026499558495301723, -0.00136420087628486, [2.0e-13, 1.2e-12, 1.2e-12, 1.2e-12, 1.2e-12, 2.0e-13, 1.2e-12, 2.0e-13, 1.2e-12, 1.2e-12, 1.2e-12, 2.0e-13, 1.2e-12, 1.2e-12, 1.2e-12, 1.2e-12, 2.0e-13, 1.2e-12, 1.2e-12, 1.2e-12, 1.2e-12, 2.0e-13], [-0.019299  ,  0.04261519,  0.01317374,  0.01954456,  0.01746709, -0.01123863,  0.0168442 , -0.00921863,  0.00815097,  0.00236051,  0.06223919, -0.0152323 ,  0.00342733,  0.01216424,  0.02018692,  0.02872821, -0.00902415,  0.072615  ,  0.08766715,  0.0534284 ,  0.01742525, -0.0037124 ]
25, -0.3061373369736169, -0.2357603659855083, -0.07037697098810858, [2.0e-13, 2.0e-13, 1.2e-12, 2.0e-13, 2.0e-13, 1.2e-12, 2.0e-13, 1.2e-12, 2.0e-13, 2.0e-13, 1.2e-12, 1.2e-12, 1.2e-12, 2.0e-13, 2.0e-13, 1.2e-12, 1.2e-12, 2.0e-13, 1.2e-12, 1.2e-12, 1.2e-12, 1.2e-12], [-0.19433528, -0.03088197,  0.01414799, -0.07242632, -0.01932862,  0.04221849, -0.19605293,  0.16403482, -0.10170677, -0.1274452 ,  0.09090473,  0.35361234,  0.13894779, -0.01337973, -0.04033001,  0.08634794,  0.1274618 , -0.00151896,  0.16873572,  0.09590329,  0.04167778,  0.09131342]
26, -0.11914253593489355, -0.11303148833747012, -0.006111047597423425, [1.2e-12, 1.2e-12, 1.2e-12, 2.0e-13, 2.0e-13, 2.0e-13, 2.0e-13, 2.0e-13, 1.2e-12, 1.2e-12, 2.0e-13, 1.2e-12, 1.2e-12, 1.2e-12, 1.2e-12, 1.2e-12, 1.2e-12, 1.2e-12, 1.2e-12, 1.2e-12, 1.2e-12, 1.2e-12], [ 0.32487468,  0.1308199 ,  0.0160965 , -0.02940412, -0.09489904, -0.02481814, -0.05763299, -0.03541413,  0.07465201,  0.13858743, -0.08679167,  0.01168429,  0.02310493,  0.22573149,  0.09296357,  0.04731168,  0.06796338,  0.09402382,  0.06584747,  0.00797532,  0.01498975,  0.0204493 ]
27, -0.3027144291687833, -0.26527443807861206, -0.037439991090171265, [2.0e-13, 1.2e-12, 2.0e-13, 1.2e-12, 1.2e-12, 1.2e-12, 1.2e-12, 1.2e-12, 1.2e-12, 1.2e-12, 2.0e-13, 1.2e-12, 2.0e-13, 2.0e-13, 1.2e-12, 1.2e-12, 1.2e-12, 2.0e-13, 2.0e-13, 2.0e-13, 2.0e-13, 1.2e-12], [-0.00426144,  0.25714392, -0.06681086,  0.19603024,  0.08054912,  0.06812075,  0.4294971 ,  0.29911343,  0.08319871,  0.02377767, -0.22058097,  0.0516862 , -0.0675146 , -0.09327485,  0.05361968,  0.54067104,  0.2782208 , -0.27666278, -0.19933315, -0.43722332, -0.22597792,  0.14570929]
28, -0.036550114503405506, -0.006933505773273341, -0.029616608730132166, [1.2e-12, 1.2e-12, 2.0e-13, 2.0e-13, 2.0e-13, 2.0e-13, 2.0e-13, 2.0e-13, 1.2e-12, 2.0e-13, 2.0e-13, 1.2e-12, 1.2e-12, 2.0e-13, 1.2e-12, 2.0e-13, 1.2e-12, 1.2e-12, 1.2e-12, 1.2e-12, 1.2e-12, 2.0e-13], [ 0.1079824 ,  0.01059975, -0.0342999 , -0.01650733, -0.01040405, -0.00489207, -0.01508005, -0.00068115,  0.0059201 , -0.01695238, -0.01294708,  0.01329643,  0.0071393 , -0.02245877,  0.00782303, -0.0029469 ,  0.00208822,  0.03737289,  0.00458402,  0.01307034,  0.01534772, -0.01504413]
29, -0.2392928044475604, -0.2385402040555088, -0.0007526003920516056, [2.0e-13, 2.0e-13, 2.0e-13, 2.0e-13, 1.2e-12, 1.2e-12, 1.2e-12, 1.2e-12, 2.0e-13, 2.0e-13, 2.0e-13, 2.0e-13, 1.2e-12, 1.2e-12, 1.2e-12, 1.2e-12, 2.0e-13, 1.2e-12, 2.0e-13, 1.2e-12, 2.0e-13, 2.0e-13], [-0.13422022, -0.33492052, -0.56262239, -0.34711371,  0.0460837 ,  0.19500451,  0.1014556 ,  0.01303344, -0.0262085 , -0.64738145, -0.80978319, -0.12531121,  0.3690668 ,  0.54399957,  0.23590512,  0.01163474, -0.05287499,  0.22546033, -0.1524519 ,  0.08253524, -0.10576643, -0.08762884]
