2.259496203136375395e-07
5.124331611161274446e-07
6.145111373018341126e-07
5.174796564329344428e-07
4.145966067014492556e-07
3.616781975959874871e-07
2.961993765175864489e-07
3.968169729454353621e-07
6.251905657468860581e-07
6.880432825755962691e-07
6.887549557987756252e-07
2.238582215529014440e-07
2.436722784038435138e-07
2.445974365956851017e-07
1.747043259857292338e-07
2.241035128959983696e-07
3.094807830961519746e-07
3.523392437472509812e-07
3.595847460952803063e-07
6.493463217295180013e-07
6.715180540944643987e-07
6.771581977830302190e-07
