2.259496203136375395e-07
5.124331611161274446e-07
6.145111373018341126e-07
5.174796564329344428e-07
4.145966067014492556e-07
3.616781975959874871e-07
2.961993765175864489e-07
3.968169729454353621e-07
6.251905657468860581e-07
6.880432825755962691e-07
6.887549557987756252e-07
2.238582215529014440e-07
2.436722784038435138e-07
2.445974365956851017e-07
1.747043259857292338e-07
2.241035128959983696e-07
3.094807830961519746e-07
3.523392437472509812e-07
3.595847460952803063e-07
6.493463217295180013e-07
6.715180540944643987e-07
6.771581977830302190e-07

------------------------------------
2.259496203136375395e-07
5.124331611161274446e-07
6.145111373018341126e-07
5.174796564329344428e-07
4.145966067014492556e-07
3.616781975959874871e-07
2.961993765175864489e-07
3.968169729454353621e-07
6.251905657468860581e-07
6.880432825755962691e-07
6.887549557987756252e-07
2.238582215529014440e-07
2.436722784038435138e-07
2.445974365956851017e-07
1.747043259857292338e-07
2.241035128959983696e-07
3.094807830961519746e-07
3.523392437472509812e-07
3.595847460952803063e-07
6.493463217295180013e-07
6.715180540944643987e-07
6.771581977830302190e-07

------------------------------------
2.259496203136375395e-07
5.124331611161274446e-07
6.145111373018341126e-07
5.174796564329344428e-07
4.145966067014492556e-07
3.616781975959874871e-07
2.961993765175864489e-07
3.968169729454353621e-07
6.251905657468860581e-07
6.880432825755962691e-07
6.887549557987756252e-07
2.238582215529014440e-07
2.436722784038435138e-07
2.445974365956851017e-07
1.747043259857292338e-07
2.241035128959983696e-07
3.094807830961519746e-07
3.523392437472509812e-07
3.595847460952803063e-07
6.493463217295180013e-07
6.715180540944643987e-07
6.771581977830302190e-07

------------------------------------
2.259496203136375395e-07
5.124331611161274446e-07
6.145111373018341126e-07
5.174796564329344428e-07
4.145966067014492556e-07
3.616781975959874871e-07
2.961993765175864489e-07
3.968169729454353621e-07
6.251905657468860581e-07
6.880432825755962691e-07
6.887549557987756252e-07
2.238582215529014440e-07
2.436722784038435138e-07
2.445974365956851017e-07
1.747043259857292338e-07
2.241035128959983696e-07
3.094807830961519746e-07
3.523392437472509812e-07
3.595847460952803063e-07
6.493463217295180013e-07
6.715180540944643987e-07
6.771581977830302190e-07

------------------------------------
2.259496203136375395e-07
5.124331611161274446e-07
6.145111373018341126e-07
5.174796564329344428e-07
4.145966067014492556e-07
3.616781975959874871e-07
2.961993765175864489e-07
3.968169729454353621e-07
6.251905657468860581e-07
6.880432825755962691e-07
6.887549557987756252e-07
2.238582215529014440e-07
2.436722784038435138e-07
2.445974365956851017e-07
1.747043259857292338e-07
2.241035128959983696e-07
3.094807830961519746e-07
3.523392437472509812e-07
3.595847460952803063e-07
6.493463217295180013e-07
6.715180540944643987e-07
6.771581977830302190e-07

------------------------------------
2.259496203136375395e-07
5.124331611161274446e-07
6.145111373018341126e-07
5.174796564329344428e-07
4.145966067014492556e-07
3.616781975959874871e-07
2.961993765175864489e-07
3.968169729454353621e-07
6.251905657468860581e-07
6.880432825755962691e-07
6.887549557987756252e-07
2.238582215529014440e-07
2.436722784038435138e-07
2.445974365956851017e-07
1.747043259857292338e-07
2.241035128959983696e-07
3.094807830961519746e-07
3.523392437472509812e-07
3.595847460952803063e-07
6.493463217295180013e-07
6.715180540944643987e-07
6.771581977830302190e-07

------------------------------------
2.259496203136375395e-07
5.124331611161274446e-07
6.145111373018341126e-07
5.174796564329344428e-07
4.145966067014492556e-07
3.616781975959874871e-07
2.961993765175864489e-07
3.968169729454353621e-07
6.251905657468860581e-07
6.880432825755962691e-07
6.887549557987756252e-07
2.238582215529014440e-07
2.436722784038435138e-07
2.445974365956851017e-07
1.747043259857292338e-07
2.241035128959983696e-07
3.094807830961519746e-07
3.523392437472509812e-07
3.595847460952803063e-07
6.493463217295180013e-07
6.715180540944643987e-07
6.771581977830302190e-07

------------------------------------
2.259496203136375395e-07
5.124331611161274446e-07
6.145111373018341126e-07
5.174796564329344428e-07
4.145966067014492556e-07
3.616781975959874871e-07
2.961993765175864489e-07
3.968169729454353621e-07
6.251905657468860581e-07
6.880432825755962691e-07
6.887549557987756252e-07
2.238582215529014440e-07
2.436722784038435138e-07
2.445974365956851017e-07
1.747043259857292338e-07
2.241035128959983696e-07
3.094807830961519746e-07
3.523392437472509812e-07
3.595847460952803063e-07
6.493463217295180013e-07
6.715180540944643987e-07
6.771581977830302190e-07

------------------------------------
2.185979601038845115e-07
4.931114287691765821e-07
7.455205061707888981e-07
6.525432680773253613e-07
5.539589558004634858e-07
5.032516237174504268e-07
4.405086883013517411e-07
5.369222041591995983e-07
7.557537186534396116e-07
8.169802756952694112e-07
8.166622132491824710e-07
2.249504971263248945e-07
3.275021818289870276e-07
3.910628196900544134e-07
3.240900359287223468e-07
3.714251886219524168e-07
4.532351610977405844e-07
4.943028771069455657e-07
5.012456423918499738e-07
7.789001805564509735e-07
8.001455168182508884e-07
8.055499997542751699e-07

------------------------------------
2.185979601038845115e-07
4.931114287691765821e-07
7.455205061707888981e-07
6.525432680773253613e-07
5.539589558004634858e-07
5.032516237174504268e-07
4.405086883013517411e-07
5.369222041591995983e-07
7.557537186534396116e-07
8.169802756952694112e-07
8.166622132491824710e-07
2.249504971263248945e-07
3.275021818289870276e-07
3.910628196900544134e-07
3.240900359287223468e-07
3.714251886219524168e-07
4.532351610977405844e-07
4.943028771069455657e-07
5.012456423918499738e-07
7.789001805564509735e-07
8.001455168182508884e-07
8.055499997542751699e-07

------------------------------------
2.259496203136375395e-07
5.124331611161274446e-07
6.145111373018341126e-07
5.174796564329344428e-07
4.145966067014492556e-07
3.616781975959874871e-07
2.961993765175864489e-07
3.968169729454353621e-07
6.251905657468860581e-07
6.880432825755962691e-07
6.887549557987756252e-07
2.238582215529014440e-07
2.436722784038435138e-07
2.445974365956851017e-07
1.747043259857292338e-07
2.241035128959983696e-07
3.094807830961519746e-07
3.523392437472509812e-07
3.595847460952803063e-07
6.493463217295180013e-07
6.715180540944643987e-07
6.771581977830302190e-07

------------------------------------
2.259496203136375395e-07
5.124331611161274446e-07
6.145111373018341126e-07
5.174796564329344428e-07
4.145966067014492556e-07
3.616781975959874871e-07
2.961993765175864489e-07
3.968169729454353621e-07
6.251905657468860581e-07
6.880432825755962691e-07
6.887549557987756252e-07
2.238582215529014440e-07
2.436722784038435138e-07
2.445974365956851017e-07
1.747043259857292338e-07
2.241035128959983696e-07
3.094807830961519746e-07
3.523392437472509812e-07
3.595847460952803063e-07
6.493463217295180013e-07
6.715180540944643987e-07
6.771581977830302190e-07

------------------------------------
2.259496203136375395e-07
5.124331611161274446e-07
6.145111373018341126e-07
5.174796564329344428e-07
4.145966067014492556e-07
3.616781975959874871e-07
2.961993765175864489e-07
3.968169729454353621e-07
6.251905657468860581e-07
6.880432825755962691e-07
6.887549557987756252e-07
2.238582215529014440e-07
2.436722784038435138e-07
2.445974365956851017e-07
1.747043259857292338e-07
2.241035128959983696e-07
3.094807830961519746e-07
3.523392437472509812e-07
3.595847460952803063e-07
6.493463217295180013e-07
6.715180540944643987e-07
6.771581977830302190e-07

------------------------------------
2.259496203136375395e-07
5.124331611161274446e-07
6.145111373018341126e-07
5.174796564329344428e-07
4.145966067014492556e-07
3.616781975959874871e-07
2.961993765175864489e-07
3.968169729454353621e-07
6.251905657468860581e-07
6.880432825755962691e-07
6.887549557987756252e-07
2.238582215529014440e-07
2.436722784038435138e-07
2.445974365956851017e-07
1.747043259857292338e-07
2.241035128959983696e-07
3.094807830961519746e-07
3.523392437472509812e-07
3.595847460952803063e-07
6.493463217295180013e-07
6.715180540944643987e-07
6.771581977830302190e-07

------------------------------------
2.259496203136375395e-07
5.124331611161274446e-07
6.145111373018341126e-07
5.174796564329344428e-07
4.145966067014492556e-07
3.616781975959874871e-07
2.961993765175864489e-07
3.968169729454353621e-07
6.251905657468860581e-07
6.880432825755962691e-07
6.887549557987756252e-07
2.238582215529014440e-07
2.436722784038435138e-07
2.445974365956851017e-07
1.747043259857292338e-07
2.241035128959983696e-07
3.094807830961519746e-07
3.523392437472509812e-07
3.595847460952803063e-07
6.493463217295180013e-07
6.715180540944643987e-07
6.771581977830302190e-07

------------------------------------
2.259496203136375395e-07
5.124331611161274446e-07
6.145111373018341126e-07
5.174796564329344428e-07
4.145966067014492556e-07
3.616781975959874871e-07
2.961993765175864489e-07
3.968169729454353621e-07
6.251905657468860581e-07
6.880432825755962691e-07
6.887549557987756252e-07
2.238582215529014440e-07
2.436722784038435138e-07
2.445974365956851017e-07
1.747043259857292338e-07
2.241035128959983696e-07
3.094807830961519746e-07
3.523392437472509812e-07
3.595847460952803063e-07
6.493463217295180013e-07
6.715180540944643987e-07
6.771581977830302190e-07

------------------------------------
2.259496203136375395e-07
5.124331611161274446e-07
6.145111373018341126e-07
5.174796564329344428e-07
4.145966067014492556e-07
3.616781975959874871e-07
2.961993765175864489e-07
3.968169729454353621e-07
6.251905657468860581e-07
6.880432825755962691e-07
6.887549557987756252e-07
2.238582215529014440e-07
2.436722784038435138e-07
2.445974365956851017e-07
1.747043259857292338e-07
2.241035128959983696e-07
3.094807830961519746e-07
3.523392437472509812e-07
3.595847460952803063e-07
6.493463217295180013e-07
6.715180540944643987e-07
6.771581977830302190e-07

------------------------------------
2.259496203136375395e-07
5.124331611161274446e-07
6.145111373018341126e-07
5.174796564329344428e-07
4.145966067014492556e-07
3.616781975959874871e-07
2.961993765175864489e-07
3.968169729454353621e-07
6.251905657468860581e-07
6.880432825755962691e-07
6.887549557987756252e-07
2.238582215529014440e-07
2.436722784038435138e-07
2.445974365956851017e-07
1.747043259857292338e-07
2.241035128959983696e-07
3.094807830961519746e-07
3.523392437472509812e-07
3.595847460952803063e-07
6.493463217295180013e-07
6.715180540944643987e-07
6.771581977830302190e-07

------------------------------------
2.259496203136375395e-07
5.124331611161274446e-07
6.145111373018341126e-07
5.174796564329344428e-07
4.145966067014492556e-07
3.616781975959874871e-07
2.961993765175864489e-07
3.968169729454353621e-07
6.251905657468860581e-07
6.880432825755962691e-07
6.887549557987756252e-07
2.238582215529014440e-07
2.436722784038435138e-07
2.445974365956851017e-07
1.747043259857292338e-07
2.241035128959983696e-07
3.094807830961519746e-07
3.523392437472509812e-07
3.595847460952803063e-07
6.493463217295180013e-07
6.715180540944643987e-07
6.771581977830302190e-07

------------------------------------
2.259496203136375395e-07
5.124331611161274446e-07
6.145111373018341126e-07
5.174796564329344428e-07
4.145966067014492556e-07
3.616781975959874871e-07
2.961993765175864489e-07
3.968169729454353621e-07
6.251905657468860581e-07
6.880432825755962691e-07
6.887549557987756252e-07
2.238582215529014440e-07
2.436722784038435138e-07
2.445974365956851017e-07
1.747043259857292338e-07
2.241035128959983696e-07
3.094807830961519746e-07
3.523392437472509812e-07
3.595847460952803063e-07
6.493463217295180013e-07
6.715180540944643987e-07
6.771581977830302190e-07

------------------------------------
2.259496203136375395e-07
5.124331611161274446e-07
6.145111373018341126e-07
5.174796564329344428e-07
4.145966067014492556e-07
3.616781975959874871e-07
2.961993765175864489e-07
3.968169729454353621e-07
6.251905657468860581e-07
6.880432825755962691e-07
6.887549557987756252e-07
2.238582215529014440e-07
2.436722784038435138e-07
2.445974365956851017e-07
1.747043259857292338e-07
2.241035128959983696e-07
3.094807830961519746e-07
3.523392437472509812e-07
3.595847460952803063e-07
6.493463217295180013e-07
6.715180540944643987e-07
6.771581977830302190e-07

------------------------------------
2.259496203136375395e-07
5.124331611161274446e-07
6.145111373018341126e-07
5.174796564329344428e-07
4.145966067014492556e-07
3.616781975959874871e-07
2.961993765175864489e-07
3.968169729454353621e-07
6.251905657468860581e-07
6.880432825755962691e-07
6.887549557987756252e-07
2.238582215529014440e-07
2.436722784038435138e-07
2.445974365956851017e-07
1.747043259857292338e-07
2.241035128959983696e-07
3.094807830961519746e-07
3.523392437472509812e-07
3.595847460952803063e-07
6.493463217295180013e-07
6.715180540944643987e-07
6.771581977830302190e-07

------------------------------------
1.759496203136375418e-07
4.624331611161274469e-07
5.645111373018341678e-07
4.674796564329344451e-07
3.645966067014493108e-07
3.116781975959874893e-07
2.461993765175864512e-07
3.468169729454353643e-07
5.751905657468861133e-07
6.380432825755963243e-07
6.387549557987756804e-07
1.738582215529014463e-07
1.936722784038435160e-07
1.945974365956851039e-07
1.247043259857292361e-07
1.741035128959983454e-07
2.594807830961519769e-07
3.023392437472509834e-07
3.095847460952803085e-07
5.993463217295180565e-07
6.215180540944644539e-07
6.271581977830302742e-07

------------------------------------
1.759496203136375418e-07
4.624331611161274469e-07
5.645111373018341678e-07
4.674796564329344451e-07
3.645966067014493108e-07
3.116781975959874893e-07
2.461993765175864512e-07
3.468169729454353643e-07
5.751905657468861133e-07
6.380432825755963243e-07
6.387549557987756804e-07
1.738582215529014463e-07
1.936722784038435160e-07
1.945974365956851039e-07
1.247043259857292361e-07
1.741035128959983454e-07
2.594807830961519769e-07
3.023392437472509834e-07
3.095847460952803085e-07
5.993463217295180565e-07
6.215180540944644539e-07
6.271581977830302742e-07

------------------------------------
1.759496203136375418e-07
4.624331611161274469e-07
5.645111373018341678e-07
4.674796564329344451e-07
3.645966067014493108e-07
3.116781975959874893e-07
2.461993765175864512e-07
3.468169729454353643e-07
5.751905657468861133e-07
6.380432825755963243e-07
6.387549557987756804e-07
1.738582215529014463e-07
1.936722784038435160e-07
1.945974365956851039e-07
1.247043259857292361e-07
1.741035128959983454e-07
2.594807830961519769e-07
3.023392437472509834e-07
3.095847460952803085e-07
5.993463217295180565e-07
6.215180540944644539e-07
6.271581977830302742e-07

------------------------------------
1.759496203136375418e-07
4.624331611161274469e-07
5.645111373018341678e-07
4.674796564329344451e-07
3.645966067014493108e-07
3.116781975959874893e-07
2.461993765175864512e-07
3.468169729454353643e-07
5.751905657468861133e-07
6.380432825755963243e-07
6.387549557987756804e-07
1.738582215529014463e-07
1.936722784038435160e-07
1.945974365956851039e-07
1.247043259857292361e-07
1.741035128959983454e-07
2.594807830961519769e-07
3.023392437472509834e-07
3.095847460952803085e-07
5.993463217295180565e-07
6.215180540944644539e-07
6.271581977830302742e-07

------------------------------------
1.759496203136375418e-07
4.624331611161274469e-07
5.645111373018341678e-07
4.674796564329344451e-07
3.645966067014493108e-07
3.116781975959874893e-07
2.461993765175864512e-07
3.468169729454353643e-07
5.751905657468861133e-07
6.380432825755963243e-07
6.387549557987756804e-07
1.738582215529014463e-07
1.936722784038435160e-07
1.945974365956851039e-07
1.247043259857292361e-07
1.741035128959983454e-07
2.594807830961519769e-07
3.023392437472509834e-07
3.095847460952803085e-07
5.993463217295180565e-07
6.215180540944644539e-07
6.271581977830302742e-07

------------------------------------
1.759496203136375418e-07
4.624331611161274469e-07
5.645111373018341678e-07
4.674796564329344451e-07
3.645966067014493108e-07
3.116781975959874893e-07
2.461993765175864512e-07
3.468169729454353643e-07
5.751905657468861133e-07
6.380432825755963243e-07
6.387549557987756804e-07
1.738582215529014463e-07
1.936722784038435160e-07
1.945974365956851039e-07
1.247043259857292361e-07
1.741035128959983454e-07
2.594807830961519769e-07
3.023392437472509834e-07
3.095847460952803085e-07
5.993463217295180565e-07
6.215180540944644539e-07
6.271581977830302742e-07

------------------------------------
2.259496203136375395e-07
5.124331611161274446e-07
6.145111373018341126e-07
5.174796564329344428e-07
4.145966067014492556e-07
3.616781975959874871e-07
2.961993765175864489e-07
3.968169729454353621e-07
6.251905657468860581e-07
6.880432825755962691e-07
6.887549557987756252e-07
2.238582215529014440e-07
2.436722784038435138e-07
2.445974365956851017e-07
1.747043259857292338e-07
2.241035128959983696e-07
3.094807830961519746e-07
3.523392437472509812e-07
3.595847460952803063e-07
6.493463217295180013e-07
6.715180540944643987e-07
6.771581977830302190e-07

------------------------------------
2.259496203136375395e-07
5.124331611161274446e-07
6.145111373018341126e-07
5.174796564329344428e-07
4.145966067014492556e-07
3.616781975959874871e-07
2.961993765175864489e-07
3.968169729454353621e-07
6.251905657468860581e-07
6.880432825755962691e-07
6.887549557987756252e-07
2.238582215529014440e-07
2.436722784038435138e-07
2.445974365956851017e-07
1.747043259857292338e-07
2.241035128959983696e-07
3.094807830961519746e-07
3.523392437472509812e-07
3.595847460952803063e-07
6.493463217295180013e-07
6.715180540944643987e-07
6.771581977830302190e-07

------------------------------------
2.259496203136375395e-07
5.124331611161274446e-07
6.145111373018341126e-07
5.174796564329344428e-07
4.145966067014492556e-07
3.616781975959874871e-07
2.961993765175864489e-07
3.968169729454353621e-07
6.251905657468860581e-07
6.880432825755962691e-07
6.887549557987756252e-07
2.238582215529014440e-07
2.436722784038435138e-07
2.445974365956851017e-07
1.747043259857292338e-07
2.241035128959983696e-07
3.094807830961519746e-07
3.523392437472509812e-07
3.595847460952803063e-07
6.493463217295180013e-07
6.715180540944643987e-07
6.771581977830302190e-07

------------------------------------
2.259496203136375395e-07
5.124331611161274446e-07
6.145111373018341126e-07
5.174796564329344428e-07
4.145966067014492556e-07
3.616781975959874871e-07
2.961993765175864489e-07
3.968169729454353621e-07
6.251905657468860581e-07
6.880432825755962691e-07
6.887549557987756252e-07
2.238582215529014440e-07
2.436722784038435138e-07
2.445974365956851017e-07
1.747043259857292338e-07
2.241035128959983696e-07
3.094807830961519746e-07
3.523392437472509812e-07
3.595847460952803063e-07
6.493463217295180013e-07
6.715180540944643987e-07
6.771581977830302190e-07

------------------------------------
2.259496203136375395e-07
5.124331611161274446e-07
6.145111373018341126e-07
5.174796564329344428e-07
4.145966067014492556e-07
3.616781975959874871e-07
2.961993765175864489e-07
3.968169729454353621e-07
6.251905657468860581e-07
6.880432825755962691e-07
6.887549557987756252e-07
2.238582215529014440e-07
2.436722784038435138e-07
2.445974365956851017e-07
1.747043259857292338e-07
2.241035128959983696e-07
3.094807830961519746e-07
3.523392437472509812e-07
3.595847460952803063e-07
6.493463217295180013e-07
6.715180540944643987e-07
6.771581977830302190e-07

------------------------------------
2.259496203136375395e-07
5.124331611161274446e-07
6.145111373018341126e-07
5.174796564329344428e-07
4.145966067014492556e-07
3.616781975959874871e-07
2.961993765175864489e-07
3.968169729454353621e-07
6.251905657468860581e-07
6.880432825755962691e-07
6.887549557987756252e-07
2.238582215529014440e-07
2.436722784038435138e-07
2.445974365956851017e-07
1.747043259857292338e-07
2.241035128959983696e-07
3.094807830961519746e-07
3.523392437472509812e-07
3.595847460952803063e-07
6.493463217295180013e-07
6.715180540944643987e-07
6.771581977830302190e-07

------------------------------------
2.259496203136375395e-07
5.124331611161274446e-07
6.145111373018341126e-07
5.174796564329344428e-07
4.145966067014492556e-07
3.616781975959874871e-07
2.961993765175864489e-07
3.968169729454353621e-07
6.251905657468860581e-07
6.880432825755962691e-07
6.887549557987756252e-07
2.238582215529014440e-07
2.436722784038435138e-07
2.445974365956851017e-07
1.747043259857292338e-07
2.241035128959983696e-07
3.094807830961519746e-07
3.523392437472509812e-07
3.595847460952803063e-07
6.493463217295180013e-07
6.715180540944643987e-07
6.771581977830302190e-07

------------------------------------
2.259496203136375395e-07
5.124331611161274446e-07
6.145111373018341126e-07
5.174796564329344428e-07
4.145966067014492556e-07
3.616781975959874871e-07
2.961993765175864489e-07
3.968169729454353621e-07
6.251905657468860581e-07
6.880432825755962691e-07
6.887549557987756252e-07
2.238582215529014440e-07
2.436722784038435138e-07
2.445974365956851017e-07
1.747043259857292338e-07
2.241035128959983696e-07
3.094807830961519746e-07
3.523392437472509812e-07
3.595847460952803063e-07
6.493463217295180013e-07
6.715180540944643987e-07
6.771581977830302190e-07

------------------------------------
2.259496203136375395e-07
5.124331611161274446e-07
6.145111373018341126e-07
5.174796564329344428e-07
4.145966067014492556e-07
3.616781975959874871e-07
2.961993765175864489e-07
3.968169729454353621e-07
6.251905657468860581e-07
6.880432825755962691e-07
6.887549557987756252e-07
2.238582215529014440e-07
2.436722784038435138e-07
2.445974365956851017e-07
1.747043259857292338e-07
2.241035128959983696e-07
3.094807830961519746e-07
3.523392437472509812e-07
3.595847460952803063e-07
6.493463217295180013e-07
6.715180540944643987e-07
6.771581977830302190e-07

------------------------------------
2.259496203136375395e-07
5.124331611161274446e-07
6.145111373018341126e-07
5.174796564329344428e-07
4.145966067014492556e-07
3.616781975959874871e-07
2.961993765175864489e-07
3.968169729454353621e-07
6.251905657468860581e-07
6.880432825755962691e-07
6.887549557987756252e-07
2.238582215529014440e-07
2.436722784038435138e-07
2.445974365956851017e-07
1.747043259857292338e-07
2.241035128959983696e-07
3.094807830961519746e-07
3.523392437472509812e-07
3.595847460952803063e-07
6.493463217295180013e-07
6.715180540944643987e-07
6.771581977830302190e-07

------------------------------------
2.259496203136375395e-07
5.124331611161274446e-07
6.145111373018341126e-07
5.174796564329344428e-07
4.145966067014492556e-07
3.616781975959874871e-07
2.961993765175864489e-07
3.968169729454353621e-07
6.251905657468860581e-07
6.880432825755962691e-07
6.887549557987756252e-07
2.238582215529014440e-07
2.436722784038435138e-07
2.445974365956851017e-07
1.747043259857292338e-07
2.241035128959983696e-07
3.094807830961519746e-07
3.523392437472509812e-07
3.595847460952803063e-07
6.493463217295180013e-07
6.715180540944643987e-07
6.771581977830302190e-07

------------------------------------
2.259496203136375395e-07
5.124331611161274446e-07
6.145111373018341126e-07
5.174796564329344428e-07
4.145966067014492556e-07
3.616781975959874871e-07
2.961993765175864489e-07
3.968169729454353621e-07
6.251905657468860581e-07
6.880432825755962691e-07
6.887549557987756252e-07
2.238582215529014440e-07
2.436722784038435138e-07
2.445974365956851017e-07
1.747043259857292338e-07
2.241035128959983696e-07
3.094807830961519746e-07
3.523392437472509812e-07
3.595847460952803063e-07
6.493463217295180013e-07
6.715180540944643987e-07
6.771581977830302190e-07

------------------------------------
2.259496203136375395e-07
5.124331611161274446e-07
6.145111373018341126e-07
5.174796564329344428e-07
4.145966067014492556e-07
3.616781975959874871e-07
2.961993765175864489e-07
3.968169729454353621e-07
6.251905657468860581e-07
6.880432825755962691e-07
6.887549557987756252e-07
2.238582215529014440e-07
2.436722784038435138e-07
2.445974365956851017e-07
1.747043259857292338e-07
2.241035128959983696e-07
3.094807830961519746e-07
3.523392437472509812e-07
3.595847460952803063e-07
6.493463217295180013e-07
6.715180540944643987e-07
6.771581977830302190e-07

------------------------------------
2.259496203136375395e-07
5.124331611161274446e-07
6.145111373018341126e-07
5.174796564329344428e-07
4.145966067014492556e-07
3.616781975959874871e-07
2.961993765175864489e-07
3.968169729454353621e-07
6.251905657468860581e-07
6.880432825755962691e-07
6.887549557987756252e-07
2.238582215529014440e-07
2.436722784038435138e-07
2.445974365956851017e-07
1.747043259857292338e-07
2.241035128959983696e-07
3.094807830961519746e-07
3.523392437472509812e-07
3.595847460952803063e-07
6.493463217295180013e-07
6.715180540944643987e-07
6.771581977830302190e-07

------------------------------------
2.259496203136375395e-07
5.124331611161274446e-07
6.145111373018341126e-07
5.174796564329344428e-07
4.145966067014492556e-07
3.616781975959874871e-07
2.961993765175864489e-07
3.968169729454353621e-07
6.251905657468860581e-07
6.880432825755962691e-07
6.887549557987756252e-07
2.238582215529014440e-07
2.436722784038435138e-07
2.445974365956851017e-07
1.747043259857292338e-07
2.241035128959983696e-07
3.094807830961519746e-07
3.523392437472509812e-07
3.595847460952803063e-07
6.493463217295180013e-07
6.715180540944643987e-07
6.771581977830302190e-07

------------------------------------
2.259496203136375395e-07
5.124331611161274446e-07
6.145111373018341126e-07
5.174796564329344428e-07
4.145966067014492556e-07
3.616781975959874871e-07
2.961993765175864489e-07
3.968169729454353621e-07
6.251905657468860581e-07
6.880432825755962691e-07
6.887549557987756252e-07
2.238582215529014440e-07
2.436722784038435138e-07
2.445974365956851017e-07
1.747043259857292338e-07
2.241035128959983696e-07
3.094807830961519746e-07
3.523392437472509812e-07
3.595847460952803063e-07
6.493463217295180013e-07
6.715180540944643987e-07
6.771581977830302190e-07

------------------------------------
2.259496203136375395e-07
5.124331611161274446e-07
6.145111373018341126e-07
5.174796564329344428e-07
4.145966067014492556e-07
3.616781975959874871e-07
2.961993765175864489e-07
3.968169729454353621e-07
6.251905657468860581e-07
6.880432825755962691e-07
6.887549557987756252e-07
2.238582215529014440e-07
2.436722784038435138e-07
2.445974365956851017e-07
1.747043259857292338e-07
2.241035128959983696e-07
3.094807830961519746e-07
3.523392437472509812e-07
3.595847460952803063e-07
6.493463217295180013e-07
6.715180540944643987e-07
6.771581977830302190e-07

------------------------------------
2.259496203136375395e-07
5.124331611161274446e-07
6.145111373018341126e-07
5.174796564329344428e-07
4.145966067014492556e-07
3.616781975959874871e-07
2.961993765175864489e-07
3.968169729454353621e-07
6.251905657468860581e-07
6.880432825755962691e-07
6.887549557987756252e-07
2.238582215529014440e-07
2.436722784038435138e-07
2.445974365956851017e-07
1.747043259857292338e-07
2.241035128959983696e-07
3.094807830961519746e-07
3.523392437472509812e-07
3.595847460952803063e-07
6.493463217295180013e-07
6.715180540944643987e-07
6.771581977830302190e-07

------------------------------------
2.259496203136375395e-07
5.124331611161274446e-07
6.145111373018341126e-07
5.174796564329344428e-07
4.145966067014492556e-07
3.616781975959874871e-07
2.961993765175864489e-07
3.968169729454353621e-07
6.251905657468860581e-07
6.880432825755962691e-07
6.887549557987756252e-07
2.238582215529014440e-07
2.436722784038435138e-07
2.445974365956851017e-07
1.747043259857292338e-07
2.241035128959983696e-07
3.094807830961519746e-07
3.523392437472509812e-07
3.595847460952803063e-07
6.493463217295180013e-07
6.715180540944643987e-07
6.771581977830302190e-07

------------------------------------
2.259496203136375395e-07
5.124331611161274446e-07
6.145111373018341126e-07
5.174796564329344428e-07
4.145966067014492556e-07
3.616781975959874871e-07
2.961993765175864489e-07
3.968169729454353621e-07
6.251905657468860581e-07
6.880432825755962691e-07
6.887549557987756252e-07
2.238582215529014440e-07
2.436722784038435138e-07
2.445974365956851017e-07
1.747043259857292338e-07
2.241035128959983696e-07
3.094807830961519746e-07
3.523392437472509812e-07
3.595847460952803063e-07
6.493463217295180013e-07
6.715180540944643987e-07
6.771581977830302190e-07

------------------------------------
2.259496203136375395e-07
5.124331611161274446e-07
6.145111373018341126e-07
5.174796564329344428e-07
4.145966067014492556e-07
3.616781975959874871e-07
2.961993765175864489e-07
3.968169729454353621e-07
6.251905657468860581e-07
6.880432825755962691e-07
6.887549557987756252e-07
2.238582215529014440e-07
2.436722784038435138e-07
2.445974365956851017e-07
1.747043259857292338e-07
2.241035128959983696e-07
3.094807830961519746e-07
3.523392437472509812e-07
3.595847460952803063e-07
6.493463217295180013e-07
6.715180540944643987e-07
6.771581977830302190e-07

------------------------------------
2.259496203136375395e-07
5.124331611161274446e-07
6.145111373018341126e-07
5.174796564329344428e-07
4.145966067014492556e-07
3.616781975959874871e-07
2.961993765175864489e-07
3.968169729454353621e-07
6.251905657468860581e-07
6.880432825755962691e-07
6.887549557987756252e-07
2.238582215529014440e-07
2.436722784038435138e-07
2.445974365956851017e-07
1.747043259857292338e-07
2.241035128959983696e-07
3.094807830961519746e-07
3.523392437472509812e-07
3.595847460952803063e-07
6.493463217295180013e-07
6.715180540944643987e-07
6.771581977830302190e-07

------------------------------------
2.259496203136375395e-07
5.124331611161274446e-07
6.145111373018341126e-07
5.174796564329344428e-07
4.145966067014492556e-07
3.616781975959874871e-07
2.961993765175864489e-07
3.968169729454353621e-07
6.251905657468860581e-07
6.880432825755962691e-07
6.887549557987756252e-07
2.238582215529014440e-07
2.436722784038435138e-07
2.445974365956851017e-07
1.747043259857292338e-07
2.241035128959983696e-07
3.094807830961519746e-07
3.523392437472509812e-07
3.595847460952803063e-07
6.493463217295180013e-07
6.715180540944643987e-07
6.771581977830302190e-07

------------------------------------
2.259496203136375395e-07
5.124331611161274446e-07
6.145111373018341126e-07
5.174796564329344428e-07
4.145966067014492556e-07
3.616781975959874871e-07
2.961993765175864489e-07
3.968169729454353621e-07
6.251905657468860581e-07
6.880432825755962691e-07
6.887549557987756252e-07
2.238582215529014440e-07
2.436722784038435138e-07
2.445974365956851017e-07
1.747043259857292338e-07
2.241035128959983696e-07
3.094807830961519746e-07
3.523392437472509812e-07
3.595847460952803063e-07
6.493463217295180013e-07
6.715180540944643987e-07
6.771581977830302190e-07

------------------------------------
2.249558310107961647e-07
5.004679481528013573e-07
6.369335296778957835e-07
5.436180510687940216e-07
4.446751003842730619e-07
3.937833008498481963e-07
3.308121138394563145e-07
4.275763709968628935e-07
6.472039694124819866e-07
7.076496237530345473e-07
7.083340421174619650e-07
2.612413988692753088e-07
2.802966393095583807e-07
2.811863668360038817e-07
2.382968725873459783e-07
2.614772963210588599e-07
3.435848840825017422e-07
3.848019997267558602e-07
3.927700219945314126e-07
6.704346354859960926e-07
6.917572598415214675e-07
6.971814036658717182e-07

------------------------------------
2.249558310107961647e-07
5.004679481528013573e-07
6.369335296778957835e-07
5.436180510687940216e-07
4.446751003842730619e-07
3.937833008498481963e-07
3.308121138394563145e-07
4.275763709968628935e-07
6.472039694124819866e-07
7.076496237530345473e-07
7.083340421174619650e-07
2.612413988692753088e-07
2.802966393095583807e-07
2.811863668360038817e-07
2.382968725873459783e-07
2.614772963210588599e-07
3.435848840825017422e-07
3.848019997267558602e-07
3.927700219945314126e-07
6.704346354859960926e-07
6.917572598415214675e-07
6.971814036658717182e-07

------------------------------------
2.499999999999999887e-07
2.924999999999999524e-07
3.349999999999999690e-07
3.774999999999999856e-07
4.199999999999999492e-07
4.624999999999999129e-07
5.049999999999999295e-07
5.474999999999998402e-07
5.899999999999998568e-07
6.324999999999998734e-07
6.749999999999998900e-07
2.499999999999999887e-07
2.924999999999999524e-07
3.349999999999999690e-07
3.774999999999999856e-07
4.199999999999999492e-07
4.624999999999999129e-07
5.049999999999999295e-07
5.474999999999998402e-07
5.899999999999998568e-07
6.324999999999998734e-07
6.749999999999998900e-07

------------------------------------
2.499999999999999887e-07
2.924999999999999524e-07
3.349999999999999690e-07
3.774999999999999856e-07
4.199999999999999492e-07
4.624999999999999129e-07
5.049999999999999295e-07
5.474999999999998402e-07
5.899999999999998568e-07
6.324999999999998734e-07
6.749999999999998900e-07
2.499999999999999887e-07
2.924999999999999524e-07
3.349999999999999690e-07
3.774999999999999856e-07
4.199999999999999492e-07
4.624999999999999129e-07
5.049999999999999295e-07
5.474999999999998402e-07
5.899999999999998568e-07
6.324999999999998734e-07
6.749999999999998900e-07

------------------------------------
2.499999999999999887e-07
2.924999999999999524e-07
3.349999999999999690e-07
3.774999999999999856e-07
4.199999999999999492e-07
4.624999999999999129e-07
5.049999999999999295e-07
5.474999999999998402e-07
5.899999999999998568e-07
6.324999999999998734e-07
6.749999999999998900e-07
2.499999999999999887e-07
2.924999999999999524e-07
3.349999999999999690e-07
3.774999999999999856e-07
4.199999999999999492e-07
4.624999999999999129e-07
5.049999999999999295e-07
5.474999999999998402e-07
5.899999999999998568e-07
6.324999999999998734e-07
6.749999999999998900e-07

------------------------------------
2.499999999999999887e-07
2.924999999999999524e-07
3.349999999999999690e-07
3.774999999999999856e-07
4.199999999999999492e-07
4.624999999999999129e-07
5.049999999999999295e-07
5.474999999999998402e-07
5.899999999999998568e-07
6.324999999999998734e-07
6.749999999999998900e-07
2.499999999999999887e-07
2.924999999999999524e-07
3.349999999999999690e-07
3.774999999999999856e-07
4.199999999999999492e-07
4.624999999999999129e-07
5.049999999999999295e-07
5.474999999999998402e-07
5.899999999999998568e-07
6.324999999999998734e-07
6.749999999999998900e-07

------------------------------------
2.499999999999999887e-07
2.924999999999999524e-07
3.349999999999999690e-07
3.774999999999999856e-07
4.199999999999999492e-07
4.624999999999999129e-07
5.049999999999999295e-07
5.474999999999998402e-07
5.899999999999998568e-07
6.324999999999998734e-07
6.749999999999998900e-07
2.499999999999999887e-07
2.924999999999999524e-07
3.349999999999999690e-07
3.774999999999999856e-07
4.199999999999999492e-07
4.624999999999999129e-07
5.049999999999999295e-07
5.474999999999998402e-07
5.899999999999998568e-07
6.324999999999998734e-07
6.749999999999998900e-07

------------------------------------
2.499999999999999887e-07
2.924999999999999524e-07
3.349999999999999690e-07
3.774999999999999856e-07
4.199999999999999492e-07
4.624999999999999129e-07
5.049999999999999295e-07
5.474999999999998402e-07
5.899999999999998568e-07
6.324999999999998734e-07
6.749999999999998900e-07
2.499999999999999887e-07
2.924999999999999524e-07
3.349999999999999690e-07
3.774999999999999856e-07
4.199999999999999492e-07
4.624999999999999129e-07
5.049999999999999295e-07
5.474999999999998402e-07
5.899999999999998568e-07
6.324999999999998734e-07
6.749999999999998900e-07

------------------------------------
2.499999999999999887e-07
2.924999999999999524e-07
3.349999999999999690e-07
3.774999999999999856e-07
4.199999999999999492e-07
4.624999999999999129e-07
5.049999999999999295e-07
5.474999999999998402e-07
5.899999999999998568e-07
6.324999999999998734e-07
6.749999999999998900e-07
2.499999999999999887e-07
2.924999999999999524e-07
3.349999999999999690e-07
3.774999999999999856e-07
4.199999999999999492e-07
4.624999999999999129e-07
5.049999999999999295e-07
5.474999999999998402e-07
5.899999999999998568e-07
6.324999999999998734e-07
6.749999999999998900e-07

------------------------------------
2.499999999999999887e-07
2.924999999999999524e-07
3.349999999999999690e-07
3.774999999999999856e-07
4.199999999999999492e-07
4.624999999999999129e-07
5.049999999999999295e-07
5.474999999999998402e-07
5.899999999999998568e-07
6.324999999999998734e-07
6.749999999999998900e-07
2.499999999999999887e-07
2.924999999999999524e-07
3.349999999999999690e-07
3.774999999999999856e-07
4.199999999999999492e-07
4.624999999999999129e-07
5.049999999999999295e-07
5.474999999999998402e-07
5.899999999999998568e-07
6.324999999999998734e-07
6.749999999999998900e-07

------------------------------------
2.249558310107961647e-07
5.004679481528013573e-07
6.369335296778957835e-07
5.436180510687940216e-07
4.446751003842730619e-07
3.937833008498481963e-07
3.308121138394563145e-07
4.275763709968628935e-07
6.472039694124819866e-07
7.076496237530345473e-07
7.083340421174619650e-07
2.612413988692753088e-07
2.802966393095583807e-07
2.811863668360038817e-07
2.382968725873459783e-07
2.614772963210588599e-07
3.435848840825017422e-07
3.848019997267558602e-07
3.927700219945314126e-07
6.704346354859960926e-07
6.917572598415214675e-07
6.971814036658717182e-07

------------------------------------
2.249558310107961647e-07
5.004679481528013573e-07
6.369335296778957835e-07
5.436180510687940216e-07
4.446751003842730619e-07
3.937833008498481963e-07
3.308121138394563145e-07
4.275763709968628935e-07
6.472039694124819866e-07
7.076496237530345473e-07
7.083340421174619650e-07
2.612413988692753088e-07
2.802966393095583807e-07
2.811863668360038817e-07
2.382968725873459783e-07
2.614772963210588599e-07
3.435848840825017422e-07
3.848019997267558602e-07
3.927700219945314126e-07
6.704346354859960926e-07
6.917572598415214675e-07
6.971814036658717182e-07

------------------------------------
2.354525061189165888e-07
5.083680009073236305e-07
6.238591825105307123e-07
5.565994284239856612e-07
4.472116016060345274e-07
3.755060418712114406e-07
3.012349293615630985e-07
4.111308227442250844e-07
6.511231828265106343e-07
7.027791691858170061e-07
7.006554514106969388e-07
2.563312206359505350e-07
2.621047481015293023e-07
2.735230443707536872e-07
1.999999999999999909e-07
2.421366929703571731e-07
3.322589730653261642e-07
3.898076214349052225e-07
4.153206817615667650e-07
6.969512120989353605e-07
7.607436938516374951e-07
7.063378797338610798e-07

------------------------------------
2.354525061189165888e-07
5.083680009073236305e-07
6.238591825105307123e-07
5.565994284239856612e-07
4.472116016060345274e-07
3.755060418712114406e-07
3.012349293615630985e-07
4.111308227442250844e-07
6.511231828265106343e-07
7.027791691858170061e-07
7.006554514106969388e-07
2.563312206359505350e-07
2.621047481015293023e-07
2.735230443707536872e-07
1.999999999999999909e-07
2.421366929703571731e-07
3.322589730653261642e-07
3.898076214349052225e-07
4.153206817615667650e-07
6.969512120989353605e-07
7.607436938516374951e-07
7.063378797338610798e-07

------------------------------------
2.499999999999999887e-07
2.924999999999999524e-07
3.349999999999999690e-07
3.774999999999999856e-07
4.199999999999999492e-07
4.624999999999999129e-07
5.049999999999999295e-07
5.474999999999998402e-07
5.899999999999998568e-07
6.324999999999998734e-07
6.749999999999998900e-07
2.499999999999999887e-07
2.924999999999999524e-07
3.349999999999999690e-07
3.774999999999999856e-07
4.199999999999999492e-07
4.624999999999999129e-07
5.049999999999999295e-07
5.474999999999998402e-07
5.899999999999998568e-07
6.324999999999998734e-07
6.749999999999998900e-07

------------------------------------
2.499999999999999887e-07
2.924999999999999524e-07
3.349999999999999690e-07
3.774999999999999856e-07
4.199999999999999492e-07
4.624999999999999129e-07
5.049999999999999295e-07
5.474999999999998402e-07
5.899999999999998568e-07
6.324999999999998734e-07
6.749999999999998900e-07
2.499999999999999887e-07
2.924999999999999524e-07
3.349999999999999690e-07
3.774999999999999856e-07
4.199999999999999492e-07
4.624999999999999129e-07
5.049999999999999295e-07
5.474999999999998402e-07
5.899999999999998568e-07
6.324999999999998734e-07
6.749999999999998900e-07

------------------------------------
2.499999999999999887e-07
2.924999999999999524e-07
3.349999999999999690e-07
3.774999999999999856e-07
4.199999999999999492e-07
4.624999999999999129e-07
5.049999999999999295e-07
5.474999999999998402e-07
5.899999999999998568e-07
6.324999999999998734e-07
6.749999999999998900e-07
2.499999999999999887e-07
2.924999999999999524e-07
3.349999999999999690e-07
3.774999999999999856e-07
4.199999999999999492e-07
4.624999999999999129e-07
5.049999999999999295e-07
5.474999999999998402e-07
5.899999999999998568e-07
6.324999999999998734e-07
6.749999999999998900e-07

------------------------------------
2.499999999999999887e-07
2.924999999999999524e-07
3.349999999999999690e-07
3.774999999999999856e-07
4.199999999999999492e-07
4.624999999999999129e-07
5.049999999999999295e-07
5.474999999999998402e-07
5.899999999999998568e-07
6.324999999999998734e-07
6.749999999999998900e-07
2.499999999999999887e-07
2.924999999999999524e-07
3.349999999999999690e-07
3.774999999999999856e-07
4.199999999999999492e-07
4.624999999999999129e-07
5.049999999999999295e-07
5.474999999999998402e-07
5.899999999999998568e-07
6.324999999999998734e-07
6.749999999999998900e-07

------------------------------------
2.499999999999999887e-07
2.924999999999999524e-07
3.349999999999999690e-07
3.774999999999999856e-07
4.199999999999999492e-07
4.624999999999999129e-07
5.049999999999999295e-07
5.474999999999998402e-07
5.899999999999998568e-07
6.324999999999998734e-07
6.749999999999998900e-07
2.499999999999999887e-07
2.924999999999999524e-07
3.349999999999999690e-07
3.774999999999999856e-07
4.199999999999999492e-07
4.624999999999999129e-07
5.049999999999999295e-07
5.474999999999998402e-07
5.899999999999998568e-07
6.324999999999998734e-07
6.749999999999998900e-07

------------------------------------
2.499999999999999887e-07
2.924999999999999524e-07
3.349999999999999690e-07
3.774999999999999856e-07
4.199999999999999492e-07
4.624999999999999129e-07
5.049999999999999295e-07
5.474999999999998402e-07
5.899999999999998568e-07
6.324999999999998734e-07
6.749999999999998900e-07
2.499999999999999887e-07
2.924999999999999524e-07
3.349999999999999690e-07
3.774999999999999856e-07
4.199999999999999492e-07
4.624999999999999129e-07
5.049999999999999295e-07
5.474999999999998402e-07
5.899999999999998568e-07
6.324999999999998734e-07
6.749999999999998900e-07

------------------------------------
2.499999999999999887e-07
2.924999999999999524e-07
3.349999999999999690e-07
3.774999999999999856e-07
4.199999999999999492e-07
4.624999999999999129e-07
5.049999999999999295e-07
5.474999999999998402e-07
5.899999999999998568e-07
6.324999999999998734e-07
6.749999999999998900e-07
2.499999999999999887e-07
2.924999999999999524e-07
3.349999999999999690e-07
3.774999999999999856e-07
4.199999999999999492e-07
4.624999999999999129e-07
5.049999999999999295e-07
5.474999999999998402e-07
5.899999999999998568e-07
6.324999999999998734e-07
6.749999999999998900e-07

------------------------------------
2.499999999999999887e-07
2.924999999999999524e-07
3.349999999999999690e-07
3.774999999999999856e-07
4.199999999999999492e-07
4.624999999999999129e-07
5.049999999999999295e-07
5.474999999999998402e-07
5.899999999999998568e-07
6.324999999999998734e-07
6.749999999999998900e-07
2.499999999999999887e-07
2.924999999999999524e-07
3.349999999999999690e-07
3.774999999999999856e-07
4.199999999999999492e-07
4.624999999999999129e-07
5.049999999999999295e-07
5.474999999999998402e-07
5.899999999999998568e-07
6.324999999999998734e-07
6.749999999999998900e-07

------------------------------------
2.499999999999999887e-07
2.924999999999999524e-07
3.349999999999999690e-07
3.774999999999999856e-07
4.199999999999999492e-07
4.624999999999999129e-07
5.049999999999999295e-07
5.474999999999998402e-07
5.899999999999998568e-07
6.324999999999998734e-07
6.749999999999998900e-07
2.499999999999999887e-07
2.924999999999999524e-07
3.349999999999999690e-07
3.774999999999999856e-07
4.199999999999999492e-07
4.624999999999999129e-07
5.049999999999999295e-07
5.474999999999998402e-07
5.899999999999998568e-07
6.324999999999998734e-07
6.749999999999998900e-07

------------------------------------
2.499999999999999887e-07
2.924999999999999524e-07
3.349999999999999690e-07
3.774999999999999856e-07
4.199999999999999492e-07
4.624999999999999129e-07
5.049999999999999295e-07
5.474999999999998402e-07
5.899999999999998568e-07
6.324999999999998734e-07
6.749999999999998900e-07
2.499999999999999887e-07
2.924999999999999524e-07
3.349999999999999690e-07
3.774999999999999856e-07
4.199999999999999492e-07
4.624999999999999129e-07
5.049999999999999295e-07
5.474999999999998402e-07
5.899999999999998568e-07
6.324999999999998734e-07
6.749999999999998900e-07

------------------------------------
3.205621976423035308e-07
5.495188851225651300e-07
5.134777171922388850e-07
4.778450483627631848e-07
4.482792615501474300e-07
4.368065337531924716e-07
2.475029533386852548e-07
4.188481716702146651e-07
6.445294722533477717e-07
7.063906916732219251e-07
7.011731702744463339e-07
2.451141223201416871e-07
2.310920624162480596e-07
1.999999999999999909e-07
2.631820011570044496e-07
4.051522244764964447e-07
4.901071163449388747e-07
4.481216602749355176e-07
4.321181556865582789e-07
7.873761350855763830e-07
7.995620899245693391e-07
7.065963829112753595e-07

------------------------------------
3.205621976423035308e-07
5.495188851225651300e-07
5.134777171922388850e-07
4.778450483627631848e-07
4.482792615501474300e-07
4.368065337531924716e-07
2.475029533386852548e-07
4.188481716702146651e-07
6.445294722533477717e-07
7.063906916732219251e-07
7.011731702744463339e-07
2.451141223201416871e-07
2.310920624162480596e-07
1.999999999999999909e-07
2.631820011570044496e-07
4.051522244764964447e-07
4.901071163449388747e-07
4.481216602749355176e-07
4.321181556865582789e-07
7.873761350855763830e-07
7.995620899245693391e-07
7.065963829112753595e-07

------------------------------------
3.205621976423035308e-07
5.495188851225651300e-07
5.134777171922388850e-07
4.778450483627631848e-07
4.482792615501474300e-07
4.368065337531924716e-07
2.475029533386852548e-07
4.188481716702146651e-07
6.445294722533477717e-07
7.063906916732219251e-07
7.011731702744463339e-07
2.451141223201416871e-07
2.310920624162480596e-07
1.999999999999999909e-07
2.631820011570044496e-07
4.051522244764964447e-07
4.901071163449388747e-07
4.481216602749355176e-07
4.321181556865582789e-07
7.873761350855763830e-07
7.995620899245693391e-07
7.065963829112753595e-07

------------------------------------
3.205621976423035308e-07
5.495188851225651300e-07
5.134777171922388850e-07
4.778450483627631848e-07
4.482792615501474300e-07
4.368065337531924716e-07
2.475029533386852548e-07
4.188481716702146651e-07
6.445294722533477717e-07
7.063906916732219251e-07
7.011731702744463339e-07
2.451141223201416871e-07
2.310920624162480596e-07
1.999999999999999909e-07
2.631820011570044496e-07
4.051522244764964447e-07
4.901071163449388747e-07
4.481216602749355176e-07
4.321181556865582789e-07
7.873761350855763830e-07
7.995620899245693391e-07
7.065963829112753595e-07

------------------------------------
3.205621976423035308e-07
5.495188851225651300e-07
5.134777171922388850e-07
4.778450483627631848e-07
4.482792615501474300e-07
4.368065337531924716e-07
2.475029533386852548e-07
4.188481716702146651e-07
6.445294722533477717e-07
7.063906916732219251e-07
7.011731702744463339e-07
2.451141223201416871e-07
2.310920624162480596e-07
1.999999999999999909e-07
2.631820011570044496e-07
4.051522244764964447e-07
4.901071163449388747e-07
4.481216602749355176e-07
4.321181556865582789e-07
7.873761350855763830e-07
7.995620899245693391e-07
7.065963829112753595e-07

------------------------------------
3.205621976423035308e-07
5.495188851225651300e-07
5.134777171922388850e-07
4.778450483627631848e-07
4.482792615501474300e-07
4.368065337531924716e-07
2.475029533386852548e-07
4.188481716702146651e-07
6.445294722533477717e-07
7.063906916732219251e-07
7.011731702744463339e-07
2.451141223201416871e-07
2.310920624162480596e-07
1.999999999999999909e-07
2.631820011570044496e-07
4.051522244764964447e-07
4.901071163449388747e-07
4.481216602749355176e-07
4.321181556865582789e-07
7.873761350855763830e-07
7.995620899245693391e-07
7.065963829112753595e-07

------------------------------------
3.205621976423035308e-07
5.495188851225651300e-07
5.134777171922388850e-07
4.778450483627631848e-07
4.482792615501474300e-07
4.368065337531924716e-07
2.475029533386852548e-07
4.188481716702146651e-07
6.445294722533477717e-07
7.063906916732219251e-07
7.011731702744463339e-07
2.451141223201416871e-07
2.310920624162480596e-07
1.999999999999999909e-07
2.631820011570044496e-07
4.051522244764964447e-07
4.901071163449388747e-07
4.481216602749355176e-07
4.321181556865582789e-07
7.873761350855763830e-07
7.995620899245693391e-07
7.065963829112753595e-07

------------------------------------
3.205621976423035308e-07
5.495188851225651300e-07
5.134777171922388850e-07
4.778450483627631848e-07
4.482792615501474300e-07
4.368065337531924716e-07
2.475029533386852548e-07
4.188481716702146651e-07
6.445294722533477717e-07
7.063906916732219251e-07
7.011731702744463339e-07
2.451141223201416871e-07
2.310920624162480596e-07
1.999999999999999909e-07
2.631820011570044496e-07
4.051522244764964447e-07
4.901071163449388747e-07
4.481216602749355176e-07
4.321181556865582789e-07
7.873761350855763830e-07
7.995620899245693391e-07
7.065963829112753595e-07

------------------------------------
2.915546184731941187e-07
6.077472198218577478e-07
5.941291200811707681e-07
4.978850866852769004e-07
3.968626439153164820e-07
3.247833732956498957e-07
2.613448776288608106e-07
4.855717038131557685e-07
6.525763469923788950e-07
7.364260189358907188e-07
6.951624090505873911e-07
2.548518723396984311e-07
3.006045529628109429e-07
2.714428359464134844e-07
2.485963832145996066e-07
3.231913841680083121e-07
4.007930798555487283e-07
4.213410760303114696e-07
4.775468079096896115e-07
8.249868004892551407e-07
7.718259560323094279e-07
7.216360394838501804e-07

------------------------------------
2.915546184731941187e-07
6.077472198218577478e-07
5.941291200811707681e-07
4.978850866852769004e-07
3.968626439153164820e-07
3.247833732956498957e-07
2.613448776288608106e-07
4.855717038131557685e-07
6.525763469923788950e-07
7.364260189358907188e-07
6.951624090505873911e-07
2.548518723396984311e-07
3.006045529628109429e-07
2.714428359464134844e-07
2.485963832145996066e-07
3.231913841680083121e-07
4.007930798555487283e-07
4.213410760303114696e-07
4.775468079096896115e-07
8.249868004892551407e-07
7.718259560323094279e-07
7.216360394838501804e-07

------------------------------------
3.043521172274522738e-07
6.116298626695179303e-07
6.262744966825442968e-07
5.121049708137633616e-07
4.068467016026181136e-07
3.406639893654125004e-07
2.970989103310463600e-07
5.196474993115921915e-07
6.732269017678787064e-07
7.399645148865360554e-07
6.998118469194014741e-07
2.492314289955053367e-07
3.030078755717721002e-07
2.720326534930366200e-07
2.035041207690491175e-07
2.860967569388420932e-07
3.611904264194581043e-07
3.890926574835394537e-07
5.040359434067707442e-07
8.296667155047302430e-07
7.876029424811602055e-07
7.096540832120520974e-07

------------------------------------
3.043521172274522738e-07
6.116298626695179303e-07
6.262744966825442968e-07
5.121049708137633616e-07
4.068467016026181136e-07
3.406639893654125004e-07
2.970989103310463600e-07
5.196474993115921915e-07
6.732269017678787064e-07
7.399645148865360554e-07
6.998118469194014741e-07
2.492314289955053367e-07
3.030078755717721002e-07
2.720326534930366200e-07
2.035041207690491175e-07
2.860967569388420932e-07
3.611904264194581043e-07
3.890926574835394537e-07
5.040359434067707442e-07
8.296667155047302430e-07
7.876029424811602055e-07
7.096540832120520974e-07

------------------------------------
3.043521172274522738e-07
6.116298626695179303e-07
6.262744966825442968e-07
5.121049708137633616e-07
4.068467016026181136e-07
3.406639893654125004e-07
2.970989103310463600e-07
5.196474993115921915e-07
6.732269017678787064e-07
7.399645148865360554e-07
6.998118469194014741e-07
2.492314289955053367e-07
3.030078755717721002e-07
2.720326534930366200e-07
2.035041207690491175e-07
2.860967569388420932e-07
3.611904264194581043e-07
3.890926574835394537e-07
5.040359434067707442e-07
8.296667155047302430e-07
7.876029424811602055e-07
7.096540832120520974e-07

------------------------------------
3.043521172274522738e-07
6.116298626695179303e-07
6.262744966825442968e-07
5.121049708137633616e-07
4.068467016026181136e-07
3.406639893654125004e-07
2.970989103310463600e-07
5.196474993115921915e-07
6.732269017678787064e-07
7.399645148865360554e-07
6.998118469194014741e-07
2.492314289955053367e-07
3.030078755717721002e-07
2.720326534930366200e-07
2.035041207690491175e-07
2.860967569388420932e-07
3.611904264194581043e-07
3.890926574835394537e-07
5.040359434067707442e-07
8.296667155047302430e-07
7.876029424811602055e-07
7.096540832120520974e-07

------------------------------------
3.043521172274522738e-07
6.116298626695179303e-07
6.262744966825442968e-07
5.121049708137633616e-07
4.068467016026181136e-07
3.406639893654125004e-07
2.970989103310463600e-07
5.196474993115921915e-07
6.732269017678787064e-07
7.399645148865360554e-07
6.998118469194014741e-07
2.492314289955053367e-07
3.030078755717721002e-07
2.720326534930366200e-07
2.035041207690491175e-07
2.860967569388420932e-07
3.611904264194581043e-07
3.890926574835394537e-07
5.040359434067707442e-07
8.296667155047302430e-07
7.876029424811602055e-07
7.096540832120520974e-07

------------------------------------
2.599999999999999988e-07
6.116298626695179303e-07
6.262744966825442968e-07
5.121049708137633616e-07
4.068467016026181136e-07
3.406639893654125004e-07
2.970989103310463600e-07
5.196474993115921915e-07
6.732269017678787064e-07
7.399645148865360554e-07
6.998118469194014741e-07
2.492314289955053367e-07
3.030078755717721002e-07
2.720326534930366200e-07
2.035041207690491175e-07
2.860967569388420932e-07
3.611904264194581043e-07
3.890926574835394537e-07
5.040359434067707442e-07
8.296667155047302430e-07
7.876029424811602055e-07
7.096540832120520974e-07

------------------------------------
2.599999999999999988e-07
6.116298626695179303e-07
6.262744966825442968e-07
5.121049708137633616e-07
4.068467016026181136e-07
3.406639893654125004e-07
2.970989103310463600e-07
5.196474993115921915e-07
6.732269017678787064e-07
7.399645148865360554e-07
6.998118469194014741e-07
2.492314289955053367e-07
3.030078755717721002e-07
2.720326534930366200e-07
2.035041207690491175e-07
2.860967569388420932e-07
3.611904264194581043e-07
3.890926574835394537e-07
5.040359434067707442e-07
8.296667155047302430e-07
7.876029424811602055e-07
7.096540832120520974e-07

------------------------------------
2.599999999999999988e-07
6.116298626695179303e-07
6.262744966825442968e-07
5.121049708137633616e-07
4.068467016026181136e-07
3.406639893654125004e-07
2.970989103310463600e-07
5.196474993115921915e-07
6.732269017678787064e-07
7.399645148865360554e-07
6.998118469194014741e-07
2.492314289955053367e-07
3.030078755717721002e-07
2.720326534930366200e-07
2.035041207690491175e-07
2.860967569388420932e-07
3.611904264194581043e-07
3.890926574835394537e-07
5.040359434067707442e-07
8.296667155047302430e-07
7.876029424811602055e-07
7.096540832120520974e-07

------------------------------------
2.599999999999999988e-07
6.116298626695179303e-07
6.262744966825442968e-07
5.121049708137633616e-07
4.068467016026181136e-07
3.406639893654125004e-07
2.970989103310463600e-07
5.196474993115921915e-07
6.732269017678787064e-07
7.399645148865360554e-07
6.998118469194014741e-07
2.492314289955053367e-07
3.030078755717721002e-07
2.720326534930366200e-07
2.035041207690491175e-07
2.860967569388420932e-07
3.611904264194581043e-07
3.890926574835394537e-07
5.040359434067707442e-07
8.296667155047302430e-07
7.876029424811602055e-07
7.096540832120520974e-07

------------------------------------
2.599999999999999988e-07
6.116298626695179303e-07
6.262744966825442968e-07
5.121049708137633616e-07
4.068467016026181136e-07
3.406639893654125004e-07
2.970989103310463600e-07
5.196474993115921915e-07
6.732269017678787064e-07
7.399645148865360554e-07
6.998118469194014741e-07
2.492314289955053367e-07
3.030078755717721002e-07
2.720326534930366200e-07
2.035041207690491175e-07
2.860967569388420932e-07
3.611904264194581043e-07
3.890926574835394537e-07
5.040359434067707442e-07
8.296667155047302430e-07
7.876029424811602055e-07
7.096540832120520974e-07

------------------------------------
2.599999999999999988e-07
6.116298626695179303e-07
6.262744966825442968e-07
5.121049708137633616e-07
4.068467016026181136e-07
3.406639893654125004e-07
2.970989103310463600e-07
5.196474993115921915e-07
6.732269017678787064e-07
7.399645148865360554e-07
6.998118469194014741e-07
2.492314289955053367e-07
3.030078755717721002e-07
2.720326534930366200e-07
2.035041207690491175e-07
2.860967569388420932e-07
3.611904264194581043e-07
3.890926574835394537e-07
5.040359434067707442e-07
8.296667155047302430e-07
7.876029424811602055e-07
7.096540832120520974e-07

------------------------------------
2.599999999999999988e-07
6.116298626695179303e-07
6.262744966825442968e-07
5.121049708137633616e-07
4.068467016026181136e-07
3.406639893654125004e-07
2.970989103310463600e-07
5.196474993115921915e-07
6.732269017678787064e-07
7.399645148865360554e-07
6.998118469194014741e-07
2.492314289955053367e-07
3.030078755717721002e-07
2.720326534930366200e-07
2.035041207690491175e-07
2.860967569388420932e-07
3.611904264194581043e-07
3.890926574835394537e-07
5.040359434067707442e-07
8.296667155047302430e-07
7.876029424811602055e-07
7.096540832120520974e-07

------------------------------------
2.963087562507892750e-07
6.088546715616499772e-07
6.191198424584373230e-07
5.164205634441110131e-07
4.093534299084394948e-07
3.480130434868019361e-07
2.984974019365979214e-07
5.205982611982422193e-07
6.742359384098387608e-07
7.422007393508139378e-07
6.992029352857723663e-07
2.485649198416117246e-07
2.927778590014759757e-07
2.624714642608387244e-07
2.027539103734804984e-07
2.824985364188345834e-07
3.589585630646409039e-07
3.845305613467934333e-07
5.026865897514424450e-07
8.251875532617737426e-07
7.825164096255663814e-07
7.104936788334500916e-07

------------------------------------
2.963087562507892750e-07
6.088546715616499772e-07
6.191198424584373230e-07
5.164205634441110131e-07
4.093534299084394948e-07
3.480130434868019361e-07
2.984974019365979214e-07
5.205982611982422193e-07
6.742359384098387608e-07
7.422007393508139378e-07
6.992029352857723663e-07
2.485649198416117246e-07
2.927778590014759757e-07
2.624714642608387244e-07
2.027539103734804984e-07
2.824985364188345834e-07
3.589585630646409039e-07
3.845305613467934333e-07
5.026865897514424450e-07
8.251875532617737426e-07
7.825164096255663814e-07
7.104936788334500916e-07
