2.420237255391859220e-07
5.074647689043672347e-07
6.260677472904072844e-07
5.548916719214692904e-07
4.456351371677369291e-07
3.744469411745255691e-07
3.052975141831824644e-07
4.112907762265830420e-07
6.502065711062961224e-07
7.063635338503632539e-07
6.984574443509298410e-07
2.575007695400865308e-07
2.606892919581632557e-07
2.749431794606772812e-07
1.999999999999999909e-07
2.394307041975048230e-07
3.266976057042548780e-07
3.796936766244178932e-07
4.089494642857895851e-07
6.991516787239953328e-07
7.623768207134829369e-07
6.984471703467577808e-07
