AT ITERATION 0:  FOM = [-1.68468456]
PARAMETERS = [3.20562198e-07, 5.49518885e-07, 5.13477717e-07, 4.77845048e-07, 4.48279262e-07, 4.36806534e-07, 2.47502953e-07, 4.18848172e-07, 6.44529472e-07, 7.06390692e-07, 7.01173170e-07, 2.45114122e-07, 2.31092062e-07, 2.00000000e-07, 2.63182001e-07, 4.05152224e-07, 4.90107116e-07, 4.48121660e-07, 4.32118156e-07, 7.87376135e-07, 7.99562090e-07, 7.06596383e-07]

 
AT ITERATION 1:  FOM = [-1.68593097]
PARAMETERS = [3.21619053e-07, 5.50809532e-07, 5.17415786e-07, 4.80355331e-07, 4.46233749e-07, 4.38662808e-07, 2.49236340e-07, 4.23105185e-07, 6.46563810e-07, 7.10516126e-07, 7.04326282e-07, 2.47381400e-07, 2.33232692e-07, 2.00000000e-07, 2.63541612e-07, 4.05612484e-07, 4.92591861e-07, 4.47747011e-07, 4.31191839e-07, 7.87516349e-07, 7.98690254e-07, 7.06868026e-07]

 
AT ITERATION 2:  FOM = [-1.68705509]
PARAMETERS = [3.22212458e-07, 5.50813391e-07, 5.17149738e-07, 4.79514402e-07, 4.45646274e-07, 4.38507316e-07, 2.49828896e-07, 4.22638645e-07, 6.47009522e-07, 7.11066775e-07, 7.04005706e-07, 2.44883388e-07, 2.33177964e-07, 2.00000000e-07, 2.63020849e-07, 4.04732905e-07, 4.92063223e-07, 4.47212202e-07, 4.31246585e-07, 7.87582609e-07, 7.98409323e-07, 7.06956269e-07]

 
AT ITERATION 3:  FOM = [-1.68736012]
PARAMETERS = [3.23361389e-07, 5.51053319e-07, 5.17510561e-07, 4.78905115e-07, 4.44542609e-07, 4.38618480e-07, 2.50681888e-07, 4.22604590e-07, 6.47969703e-07, 7.12515660e-07, 7.03888021e-07, 2.42192472e-07, 2.33444511e-07, 2.00000000e-07, 2.62456471e-07, 4.03704978e-07, 4.91782767e-07, 4.46578359e-07, 4.31213371e-07, 7.87687725e-07, 7.97944873e-07, 7.07118962e-07]

 
AT ITERATION 4:  FOM = [-1.6876417]
PARAMETERS = [3.23759240e-07, 5.51386064e-07, 5.18830679e-07, 4.79185608e-07, 4.43580946e-07, 4.38927386e-07, 2.51968740e-07, 4.23427916e-07, 6.48947889e-07, 7.13338616e-07, 7.04380397e-07, 2.41438997e-07, 2.34081337e-07, 2.00000000e-07, 2.62030103e-07, 4.02957064e-07, 4.91915345e-07, 4.46156206e-07, 4.31087529e-07, 7.87838941e-07, 7.97464943e-07, 7.07295525e-07]

 
AT ITERATION 5:  FOM = [-1.68856907]
PARAMETERS = [3.26292263e-07, 5.53133452e-07, 5.25008560e-07, 4.81241832e-07, 4.38801585e-07, 4.41237112e-07, 2.57956376e-07, 4.27925610e-07, 6.54100368e-07, 7.18248981e-07, 7.05735426e-07, 2.39211969e-07, 2.37884115e-07, 2.00000000e-07, 2.59839688e-07, 3.99040589e-07, 4.92468641e-07, 4.44080620e-07, 4.30553812e-07, 7.88668068e-07, 7.95058277e-07, 7.08170740e-07]

 
AT ITERATION 6:  FOM = [-1.68956672]
PARAMETERS = [3.25158574e-07, 5.52615696e-07, 5.24825332e-07, 4.79893138e-07, 4.38285813e-07, 4.40264393e-07, 2.55720356e-07, 4.26760276e-07, 6.54021210e-07, 7.16014330e-07, 7.03639636e-07, 2.41003796e-07, 2.37587330e-07, 2.00000000e-07, 2.59840493e-07, 3.98648435e-07, 4.91707257e-07, 4.44782266e-07, 4.31119359e-07, 7.88875196e-07, 7.95297228e-07, 7.08181124e-07]

 
AT ITERATION 7:  FOM = [-1.69069401]
PARAMETERS = [3.24411342e-07, 5.53396162e-07, 5.27502983e-07, 4.78320349e-07, 4.34955132e-07, 4.40073051e-07, 2.55982181e-07, 4.27917466e-07, 6.58190777e-07, 7.16369298e-07, 7.01828801e-07, 2.41636568e-07, 2.39121007e-07, 2.00000000e-07, 2.58026692e-07, 3.94848173e-07, 4.90214886e-07, 4.44675641e-07, 4.32162344e-07, 7.89772043e-07, 7.94082655e-07, 7.08522500e-07]

 
AT ITERATION 8:  FOM = [-1.69172027]
PARAMETERS = [3.23782938e-07, 5.54171514e-07, 5.29232990e-07, 4.78152269e-07, 4.30487835e-07, 4.39599554e-07, 2.56832120e-07, 4.29142145e-07, 6.63086217e-07, 7.17581293e-07, 7.02198715e-07, 2.42068317e-07, 2.41282327e-07, 2.00825960e-07, 2.55081816e-07, 3.89337292e-07, 4.88074229e-07, 4.44443429e-07, 4.34351385e-07, 7.91134742e-07, 7.92350521e-07, 7.08951947e-07]

 
AT ITERATION 9:  FOM = [-1.69182639]
PARAMETERS = [3.23805992e-07, 5.54375306e-07, 5.27015069e-07, 4.77773298e-07, 4.31449695e-07, 4.38748640e-07, 2.56107677e-07, 4.28072400e-07, 6.61760685e-07, 7.16886397e-07, 7.03231892e-07, 2.42975764e-07, 2.40986142e-07, 2.01062707e-07, 2.54545181e-07, 3.88838696e-07, 4.87478310e-07, 4.44681525e-07, 4.35011177e-07, 7.91322492e-07, 7.92552352e-07, 7.08771956e-07]

 
AT ITERATION 10:  FOM = [-1.6920186]
PARAMETERS = [3.24051270e-07, 5.54961490e-07, 5.27782921e-07, 4.77518916e-07, 4.30510436e-07, 4.39179597e-07, 2.56605872e-07, 4.28324717e-07, 6.61813255e-07, 7.16673294e-07, 7.03042058e-07, 2.42954548e-07, 2.41474170e-07, 2.01328593e-07, 2.53858466e-07, 3.87909196e-07, 4.87143054e-07, 4.44227808e-07, 4.35136130e-07, 7.91729989e-07, 7.92214864e-07, 7.08935727e-07]

 
AT ITERATION 11:  FOM = [-1.69327491]
PARAMETERS = [3.24723732e-07, 5.58411750e-07, 5.31285183e-07, 4.76856097e-07, 4.23910017e-07, 4.40469926e-07, 2.59270240e-07, 4.30008123e-07, 6.64727097e-07, 7.16517239e-07, 7.03035736e-07, 2.43158747e-07, 2.44892084e-07, 2.03417473e-07, 2.48648659e-07, 3.80067986e-07, 4.84147508e-07, 4.41928765e-07, 4.37185197e-07, 7.94559271e-07, 7.89647167e-07, 7.09963684e-07]

 
AT ITERATION 12:  FOM = [-1.69389671]
PARAMETERS = [3.23518225e-07, 5.59577470e-07, 5.31631160e-07, 4.77492861e-07, 4.21519756e-07, 4.40257557e-07, 2.58979284e-07, 4.30260483e-07, 6.64421703e-07, 7.16303149e-07, 7.02619009e-07, 2.43925183e-07, 2.45942371e-07, 2.04437773e-07, 2.46970164e-07, 3.77972408e-07, 4.82867663e-07, 4.41358521e-07, 4.37954759e-07, 7.95705859e-07, 7.88903293e-07, 7.10379233e-07]

 
AT ITERATION 13:  FOM = [-1.69528272]
PARAMETERS = [3.20011027e-07, 5.62474788e-07, 5.32552876e-07, 4.78355399e-07, 4.17234089e-07, 4.39083370e-07, 2.58688497e-07, 4.30665107e-07, 6.62721240e-07, 7.16233548e-07, 7.02309635e-07, 2.46887254e-07, 2.48484348e-07, 2.06914247e-07, 2.42942944e-07, 3.73163371e-07, 4.79710710e-07, 4.39977638e-07, 4.39982818e-07, 7.98429608e-07, 7.87173791e-07, 7.11328564e-07]

 
AT ITERATION 14:  FOM = [-1.6963357]
PARAMETERS = [3.16729931e-07, 5.68191427e-07, 5.34826424e-07, 4.79761096e-07, 4.11294919e-07, 4.37277625e-07, 2.58612918e-07, 4.31677335e-07, 6.60316019e-07, 7.16026681e-07, 7.01732619e-07, 2.52158171e-07, 2.53627912e-07, 2.11663242e-07, 2.41768886e-07, 3.68429092e-07, 4.73585896e-07, 4.37145096e-07, 4.43957431e-07, 8.03752764e-07, 7.83650883e-07, 7.13187125e-07]

 
AT ITERATION 15:  FOM = [-1.69679646]
PARAMETERS = [3.12436019e-07, 5.69888675e-07, 5.35459570e-07, 4.80226054e-07, 4.05995431e-07, 4.36699948e-07, 2.58480534e-07, 4.32088567e-07, 6.59370916e-07, 7.16088931e-07, 7.01603041e-07, 2.53361502e-07, 2.55147864e-07, 2.13059706e-07, 2.35650733e-07, 3.60479747e-07, 4.71904384e-07, 4.36380149e-07, 4.45046782e-07, 8.05237557e-07, 7.82680908e-07, 7.13692260e-07]

 
AT ITERATION 16:  FOM = [-1.69736308]
PARAMETERS = [3.11607090e-07, 5.68456655e-07, 5.35495783e-07, 4.80008494e-07, 4.05458119e-07, 4.36913447e-07, 2.58430289e-07, 4.31723688e-07, 6.60301596e-07, 7.16128448e-07, 7.01444497e-07, 2.51109548e-07, 2.54545845e-07, 2.12361039e-07, 2.33833703e-07, 3.58527941e-07, 4.73199661e-07, 4.36984097e-07, 4.44044791e-07, 8.04112206e-07, 7.83264605e-07, 7.13207777e-07]

 
AT ITERATION 17:  FOM = [-1.6974027]
PARAMETERS = [3.10339761e-07, 5.68386510e-07, 5.36073619e-07, 4.80315549e-07, 4.04085454e-07, 4.36495204e-07, 2.58591649e-07, 4.31802226e-07, 6.60455861e-07, 7.16272701e-07, 7.00866933e-07, 2.49461386e-07, 2.54988622e-07, 2.12734753e-07, 2.34411266e-07, 3.56699516e-07, 4.73371048e-07, 4.36979457e-07, 4.43721990e-07, 8.04050619e-07, 7.83113165e-07, 7.13101686e-07]

 
AT ITERATION 18:  FOM = [-1.69754042]
PARAMETERS = [3.11645238e-07, 5.68148997e-07, 5.36753060e-07, 4.80697126e-07, 4.05716089e-07, 4.35972138e-07, 2.59015234e-07, 4.32084176e-07, 6.60866772e-07, 7.16392031e-07, 7.00212218e-07, 2.46714481e-07, 2.55080712e-07, 2.12936480e-07, 2.40025428e-07, 3.59927991e-07, 4.74052222e-07, 4.37122190e-07, 4.43043004e-07, 8.03664301e-07, 7.83129535e-07, 7.12890441e-07]

 
AT ITERATION 19:  FOM = [-1.69763611]
PARAMETERS = [3.11134012e-07, 5.70508402e-07, 5.40041596e-07, 4.83028072e-07, 4.05514766e-07, 4.34225440e-07, 2.60913136e-07, 4.32469139e-07, 6.61771959e-07, 7.15133509e-07, 6.99388992e-07, 2.44381129e-07, 2.58654715e-07, 2.16416990e-07, 2.44967325e-07, 3.62038755e-07, 4.72714382e-07, 4.36150291e-07, 4.43269896e-07, 8.05282829e-07, 7.81306511e-07, 7.13245908e-07]

 
AT ITERATION 20:  FOM = [-1.69879351]
PARAMETERS = [3.10285604e-07, 5.72452212e-07, 5.41279681e-07, 4.83098944e-07, 4.03499544e-07, 4.32172344e-07, 2.60362810e-07, 4.32669447e-07, 6.61635652e-07, 7.14655674e-07, 6.99945394e-07, 2.46233813e-07, 2.61052924e-07, 2.17631284e-07, 2.38798630e-07, 3.59974505e-07, 4.71280029e-07, 4.35185618e-07, 4.44056183e-07, 8.06683844e-07, 7.80022255e-07, 7.13499348e-07]

 
AT ITERATION 21:  FOM = [-1.69953844]
PARAMETERS = [3.09520908e-07, 5.72154420e-07, 5.40107416e-07, 4.84539217e-07, 4.04855542e-07, 4.30202661e-07, 2.58886687e-07, 4.32327528e-07, 6.61559665e-07, 7.16332083e-07, 7.01733708e-07, 2.47923351e-07, 2.61996724e-07, 2.17554673e-07, 2.32053921e-07, 3.59274025e-07, 4.71745865e-07, 4.35909327e-07, 4.44055367e-07, 8.05998726e-07, 7.80277887e-07, 7.12980992e-07]

 
AT ITERATION 22:  FOM = [-1.69996871]
PARAMETERS = [3.09443471e-07, 5.73647997e-07, 5.40556491e-07, 4.84940211e-07, 4.03482209e-07, 4.28056347e-07, 2.58145286e-07, 4.32346777e-07, 6.61338808e-07, 7.16325402e-07, 7.02539984e-07, 2.48754783e-07, 2.63809511e-07, 2.19362063e-07, 2.30661323e-07, 3.57353975e-07, 4.69783843e-07, 4.34907457e-07, 4.45166542e-07, 8.07206991e-07, 7.79163533e-07, 7.13373160e-07]

 
AT ITERATION 23:  FOM = [-1.70027819]
PARAMETERS = [3.09413958e-07, 5.87350086e-07, 5.46295127e-07, 4.85791621e-07, 3.92155734e-07, 4.10732633e-07, 2.54962188e-07, 4.33047008e-07, 6.60638487e-07, 7.14660053e-07, 7.06880299e-07, 2.53380212e-07, 2.77539252e-07, 2.32437919e-07, 2.19682873e-07, 3.43170377e-07, 4.55222440e-07, 4.27031954e-07, 4.52843710e-07, 8.16455917e-07, 7.70226256e-07, 7.16366257e-07]

 
AT ITERATION 24:  FOM = [-1.70352286]
PARAMETERS = [3.08759719e-07, 5.89078119e-07, 5.48578590e-07, 4.86761123e-07, 3.92028862e-07, 4.09590732e-07, 2.56398920e-07, 4.34731301e-07, 6.63290772e-07, 7.15771815e-07, 7.04056748e-07, 2.50058789e-07, 2.79293289e-07, 2.34735855e-07, 2.29061112e-07, 3.41996127e-07, 4.54076786e-07, 4.26934223e-07, 4.52634589e-07, 8.16684799e-07, 7.69645440e-07, 7.16737050e-07]

 
AT ITERATION 25:  FOM = [-1.70689872]
PARAMETERS = [3.05588555e-07, 5.98617508e-07, 5.57041667e-07, 4.91244880e-07, 3.85517794e-07, 3.95350124e-07, 2.56554571e-07, 4.40917426e-07, 6.67061563e-07, 7.15797156e-07, 6.98968233e-07, 2.49004847e-07, 2.91283829e-07, 2.46237166e-07, 2.35042074e-07, 3.31221202e-07, 4.43204974e-07, 4.22730994e-07, 4.57471965e-07, 8.22224113e-07, 7.64031946e-07, 7.19342783e-07]

 
AT ITERATION 26:  FOM = [-1.71123616]
PARAMETERS = [3.01210207e-07, 6.11808329e-07, 5.70053846e-07, 4.99023854e-07, 3.78361897e-07, 3.72145159e-07, 2.57484773e-07, 4.51113527e-07, 6.70518533e-07, 7.18434455e-07, 6.95455338e-07, 2.47825897e-07, 3.07712287e-07, 2.62110017e-07, 2.41211903e-07, 3.19303484e-07, 4.28011792e-07, 4.16952671e-07, 4.63501879e-07, 8.29260888e-07, 7.56904334e-07, 7.22268264e-07]

 
AT ITERATION 27:  FOM = [-1.7118678]
PARAMETERS = [2.99505597e-07, 6.17613023e-07, 5.75476761e-07, 5.01498732e-07, 3.75125425e-07, 3.62381205e-07, 2.57577186e-07, 4.54960387e-07, 6.71507729e-07, 7.19222937e-07, 6.94657426e-07, 2.47952992e-07, 3.14491055e-07, 2.68917729e-07, 2.42892116e-07, 3.14310433e-07, 4.20974602e-07, 4.14211024e-07, 4.66577140e-07, 8.32599621e-07, 7.53722965e-07, 7.23618880e-07]

 
AT ITERATION 28:  FOM = [-1.71651949]
PARAMETERS = [2.98709621e-07, 6.22313050e-07, 5.81779616e-07, 5.02996152e-07, 3.75757964e-07, 3.52456522e-07, 2.58361649e-07, 4.60455941e-07, 6.69440743e-07, 7.22294820e-07, 6.95286069e-07, 2.49892585e-07, 3.16854950e-07, 2.73270884e-07, 2.47610006e-07, 3.13184307e-07, 4.13999108e-07, 4.12465657e-07, 4.69533909e-07, 8.34006684e-07, 7.53031270e-07, 7.24385443e-07]

 
AT ITERATION 29:  FOM = [-1.7207962]
PARAMETERS = [2.97308606e-07, 6.40074179e-07, 6.05013809e-07, 5.07589232e-07, 3.74468536e-07, 3.13788786e-07, 2.60842459e-07, 4.81153264e-07, 6.61656637e-07, 7.31794108e-07, 6.97657429e-07, 2.57324547e-07, 3.25696329e-07, 2.91206434e-07, 2.60299165e-07, 3.04024872e-07, 3.83782572e-07, 4.05237566e-07, 4.83323668e-07, 8.40944962e-07, 7.50207127e-07, 7.27697317e-07]

 
AT ITERATION 30:  FOM = [-1.72167195]
PARAMETERS = [2.91554618e-07, 6.07747220e-07, 5.94129120e-07, 4.97885087e-07, 3.96862644e-07, 3.24783373e-07, 2.61344878e-07, 4.85571704e-07, 6.52576347e-07, 7.36426019e-07, 6.95162409e-07, 2.54851872e-07, 3.00604553e-07, 2.71442836e-07, 2.48596383e-07, 3.23191384e-07, 4.00793080e-07, 4.21341076e-07, 4.77546808e-07, 8.24986800e-07, 7.71825956e-07, 7.21636039e-07]

 
