AT ITERATION 0:  FOM = [-1.73947116]
PARAMETERS = [2.35452506e-07, 5.08368001e-07, 6.23859183e-07, 5.56599428e-07, 4.47211602e-07, 3.75506042e-07, 3.01234929e-07, 4.11130823e-07, 6.51123183e-07, 7.02779169e-07, 7.00655451e-07, 2.56331221e-07, 2.62104748e-07, 2.73523044e-07, 2.00000000e-07, 2.42136693e-07, 3.32258973e-07, 3.89807621e-07, 4.15320682e-07, 6.96951212e-07, 7.60743694e-07, 7.06337880e-07]

 
AT ITERATION 1:  FOM = [-1.74187176]
PARAMETERS = [2.37871113e-07, 5.09053629e-07, 6.23135615e-07, 5.53714901e-07, 4.43620551e-07, 3.72911643e-07, 2.99738435e-07, 4.08602667e-07, 6.49692782e-07, 7.01938393e-07, 6.98152624e-07, 2.55498511e-07, 2.61186691e-07, 2.72694345e-07, 2.00000000e-07, 2.41513812e-07, 3.30303869e-07, 3.87001811e-07, 4.14041902e-07, 6.96480846e-07, 7.60591255e-07, 7.04835492e-07]

 
AT ITERATION 2:  FOM = [-1.74203067]
PARAMETERS = [2.37633030e-07, 5.09202621e-07, 6.23383792e-07, 5.53207585e-07, 4.42659687e-07, 3.71431017e-07, 2.99722515e-07, 4.08669636e-07, 6.49085718e-07, 7.01952059e-07, 6.98041894e-07, 2.57070299e-07, 2.60788704e-07, 2.72539694e-07, 2.00000000e-07, 2.41966310e-07, 3.30314420e-07, 3.85135328e-07, 4.12834629e-07, 6.96101179e-07, 7.60593206e-07, 7.03891832e-07]

 
AT ITERATION 3:  FOM = [-1.74225028]
PARAMETERS = [2.38052807e-07, 5.09132767e-07, 6.23288894e-07, 5.53122569e-07, 4.43077848e-07, 3.71818516e-07, 3.00006012e-07, 4.08987294e-07, 6.49153128e-07, 7.02119390e-07, 6.98312468e-07, 2.56610702e-07, 2.60816098e-07, 2.72923170e-07, 2.00000000e-07, 2.41983660e-07, 3.30259185e-07, 3.85225406e-07, 4.13129594e-07, 6.96131780e-07, 7.60646565e-07, 7.03881201e-07]

 
AT ITERATION 4:  FOM = [-1.74239787]
PARAMETERS = [2.38571569e-07, 5.09001216e-07, 6.23219957e-07, 5.52863267e-07, 4.43603763e-07, 3.72046387e-07, 3.00713408e-07, 4.09782089e-07, 6.49156655e-07, 7.02482156e-07, 6.98792987e-07, 2.56386098e-07, 2.60716330e-07, 2.73494708e-07, 2.00000000e-07, 2.42197697e-07, 3.30212283e-07, 3.84626060e-07, 4.13061604e-07, 6.96052592e-07, 7.60682543e-07, 7.03488867e-07]

 
AT ITERATION 5:  FOM = [-1.74250025]
PARAMETERS = [2.39596721e-07, 5.08534135e-07, 6.23280071e-07, 5.52257639e-07, 4.44853370e-07, 3.72110254e-07, 3.02431407e-07, 4.12007774e-07, 6.49299009e-07, 7.03406599e-07, 6.99640869e-07, 2.56433248e-07, 2.60610646e-07, 2.75062096e-07, 2.00000000e-07, 2.42705470e-07, 3.30132885e-07, 3.82827476e-07, 4.12639751e-07, 6.96108126e-07, 7.61104220e-07, 7.02657822e-07]

 
AT ITERATION 6:  FOM = [-1.74263497]
PARAMETERS = [2.40033523e-07, 5.08501590e-07, 6.23455319e-07, 5.52127590e-07, 4.44214841e-07, 3.71750745e-07, 3.02491851e-07, 4.11490134e-07, 6.49067042e-07, 7.03621636e-07, 6.98803031e-07, 2.56858079e-07, 2.60588501e-07, 2.75148700e-07, 2.00000000e-07, 2.42772881e-07, 3.29762771e-07, 3.82246699e-07, 4.12259264e-07, 6.96113312e-07, 7.61233536e-07, 7.02176295e-07]

 
AT ITERATION 7:  FOM = [-1.74269321]
PARAMETERS = [2.40562550e-07, 5.08300009e-07, 6.23728601e-07, 5.52384849e-07, 4.43866391e-07, 3.71688406e-07, 3.02820877e-07, 4.10612443e-07, 6.49114636e-07, 7.04017568e-07, 6.98323269e-07, 2.57552866e-07, 2.60629724e-07, 2.75197898e-07, 2.00000000e-07, 2.42628259e-07, 3.29329630e-07, 3.81956399e-07, 4.11796048e-07, 6.96381225e-07, 7.61463208e-07, 7.01654583e-07]

 
AT ITERATION 8:  FOM = [-1.74273302]
PARAMETERS = [2.41426089e-07, 5.07980957e-07, 6.24002804e-07, 5.52420088e-07, 4.43764189e-07, 3.71662539e-07, 3.03508272e-07, 4.10361833e-07, 6.49152861e-07, 7.04622293e-07, 6.97970559e-07, 2.58183835e-07, 2.60666606e-07, 2.75628082e-07, 2.00000000e-07, 2.42566103e-07, 3.28831613e-07, 3.81200177e-07, 4.11070559e-07, 6.96629996e-07, 7.61765241e-07, 7.00909071e-07]

 
AT ITERATION 9:  FOM = [-1.74282108]
PARAMETERS = [2.42371686e-07, 5.07648224e-07, 6.24329815e-07, 5.52798542e-07, 4.44038571e-07, 3.72007934e-07, 3.04371134e-07, 4.10425642e-07, 6.49525703e-07, 7.05373409e-07, 6.97633335e-07, 2.58507904e-07, 2.60847075e-07, 2.75853859e-07, 2.00000000e-07, 2.42106983e-07, 3.28405162e-07, 3.80774010e-07, 4.09985958e-07, 6.97124878e-07, 7.62023663e-07, 7.00009606e-07]

 
AT ITERATION 10:  FOM = [-1.7429287]
PARAMETERS = [2.42110191e-07, 5.07402971e-07, 6.24542326e-07, 5.53205159e-07, 4.44744715e-07, 3.72572262e-07, 3.04328887e-07, 4.11020991e-07, 6.49779816e-07, 7.05638817e-07, 6.97897622e-07, 2.58144185e-07, 2.60960903e-07, 2.75891936e-07, 2.00000000e-07, 2.41460980e-07, 3.28032491e-07, 3.80737802e-07, 4.09886928e-07, 6.97583971e-07, 7.62105655e-07, 6.99585286e-07]

 
AT ITERATION 11:  FOM = [-1.74296021]
PARAMETERS = [2.41982625e-07, 5.07030740e-07, 6.25032014e-07, 5.54129168e-07, 4.45412466e-07, 3.73441853e-07, 3.04616672e-07, 4.11526007e-07, 6.50265777e-07, 7.06359719e-07, 6.98195072e-07, 2.57775319e-07, 2.61119730e-07, 2.75793053e-07, 2.00000000e-07, 2.40341690e-07, 3.27313606e-07, 3.80413204e-07, 4.09344932e-07, 6.98572316e-07, 7.62300536e-07, 6.98661022e-07]

 
AT ITERATION 12:  FOM = [-1.74301671]
PARAMETERS = [2.41919684e-07, 5.07153839e-07, 6.25858350e-07, 5.54807223e-07, 4.45791159e-07, 3.74310944e-07, 3.05170519e-07, 4.11686159e-07, 6.50325466e-07, 7.06565368e-07, 6.98506476e-07, 2.57512411e-07, 2.60855988e-07, 2.75282208e-07, 2.00000000e-07, 2.39542919e-07, 3.26879774e-07, 3.79972163e-07, 4.09223378e-07, 6.99287061e-07, 7.62420278e-07, 6.98344972e-07]

 
AT ITERATION 13:  FOM = [-1.74301881]
PARAMETERS = [2.42023726e-07, 5.07464769e-07, 6.26067747e-07, 5.54891672e-07, 4.45635137e-07, 3.74446941e-07, 3.05297514e-07, 4.11290776e-07, 6.50206571e-07, 7.06363534e-07, 6.98457444e-07, 2.57500770e-07, 2.60689292e-07, 2.74943179e-07, 2.00000000e-07, 2.39430704e-07, 3.26697606e-07, 3.79693677e-07, 4.08949464e-07, 6.99151679e-07, 7.62376821e-07, 6.98447170e-07]

 
