AT ITERATION 0:  FOM = [0.65506826]
PARAMETERS = [2.0e-07, 1.2e-06, 1.2e-06, 2.0e-07, 2.0e-07, 1.2e-06, 2.0e-07, 2.0e-07, 1.2e-06, 1.2e-06, 1.2e-06, 1.2e-06, 2.0e-07, 2.0e-07, 1.2e-06, 2.0e-07, 1.2e-06, 2.0e-07, 2.0e-07, 1.2e-06, 1.2e-06, 1.2e-06]

 
AT ITERATION 1:  FOM = [0.09173886]
PARAMETERS = [2.0e-07, 2.0e-07, 2.0e-07, 2.0e-07, 1.2e-06, 2.0e-07, 2.0e-07, 2.0e-07, 2.0e-07, 2.0e-07, 2.0e-07, 1.2e-06, 2.0e-07, 1.2e-06, 1.2e-06, 1.2e-06, 1.2e-06, 1.2e-06, 1.2e-06, 1.2e-06, 1.2e-06, 2.0e-07]

 
AT ITERATION 2:  FOM = [0.22508001]
PARAMETERS = [1.2e-06, 1.2e-06, 2.0e-07, 1.2e-06, 2.0e-07, 1.2e-06, 1.2e-06, 1.2e-06, 1.2e-06, 1.2e-06, 1.2e-06, 2.0e-07, 1.2e-06, 1.2e-06, 1.2e-06, 2.0e-07, 2.0e-07, 2.0e-07, 2.0e-07, 2.0e-07, 2.0e-07, 2.0e-07]

 
AT ITERATION 3:  FOM = [0.01777723]
PARAMETERS = [2.0e-07, 1.2e-06, 1.2e-06, 1.2e-06, 1.2e-06, 2.0e-07, 2.0e-07, 2.0e-07, 1.2e-06, 1.2e-06, 2.0e-07, 2.0e-07, 1.2e-06, 1.2e-06, 1.2e-06, 1.2e-06, 2.0e-07, 2.0e-07, 2.0e-07, 2.0e-07, 2.0e-07, 2.0e-07]

 
AT ITERATION 4:  FOM = [0.09770518]
PARAMETERS = [2.0e-07, 2.0e-07, 1.2e-06, 1.2e-06, 2.0e-07, 1.2e-06, 1.2e-06, 2.0e-07, 2.0e-07, 2.0e-07, 2.0e-07, 1.2e-06, 1.2e-06, 1.2e-06, 1.2e-06, 2.0e-07, 1.2e-06, 2.0e-07, 2.0e-07, 1.2e-06, 2.0e-07, 2.0e-07]

 
AT ITERATION 5:  FOM = [0.04132279]
PARAMETERS = [1.2e-06, 1.2e-06, 2.0e-07, 1.2e-06, 2.0e-07, 2.0e-07, 2.0e-07, 2.0e-07, 2.0e-07, 2.0e-07, 2.0e-07, 2.0e-07, 2.0e-07, 1.2e-06, 1.2e-06, 2.0e-07, 1.2e-06, 2.0e-07, 2.0e-07, 2.0e-07, 1.2e-06, 2.0e-07]

 
AT ITERATION 6:  FOM = [0.14134265]
PARAMETERS = [2.00000000e-07, 1.20000000e-06, 1.20000000e-06, 1.20000000e-06, 1.20000000e-06, 1.20000000e-06, 2.00000000e-07, 2.00000000e-07, 2.00000000e-07, 2.00000000e-07, 2.00000000e-07, 1.20000000e-06, 1.20000000e-06, 1.20000000e-06, 1.20000000e-06, 2.00000000e-07, 1.20000000e-06, 2.00000000e-07, 8.67724495e-07, 1.20000000e-06, 1.20000000e-06, 2.00000000e-07]

 
AT ITERATION 7:  FOM = [0.22507004]
PARAMETERS = [1.2e-06, 1.2e-06, 2.0e-07, 2.0e-07, 2.0e-07, 2.0e-07, 2.0e-07, 2.0e-07, 1.2e-06, 1.2e-06, 2.0e-07, 2.0e-07, 2.0e-07, 2.0e-07, 1.2e-06, 1.2e-06, 1.2e-06, 2.0e-07, 1.2e-06, 1.2e-06, 2.0e-07, 2.0e-07]

 
AT ITERATION 8:  FOM = [0.08219398]
PARAMETERS = [2.0e-07, 2.0e-07, 1.2e-06, 1.2e-06, 1.2e-06, 1.2e-06, 1.2e-06, 1.2e-06, 1.2e-06, 2.0e-07, 2.0e-07, 1.2e-06, 1.2e-06, 1.2e-06, 1.2e-06, 1.2e-06, 2.0e-07, 2.0e-07, 2.0e-07, 2.0e-07, 1.2e-06, 2.0e-07]

 
AT ITERATION 9:  FOM = [0.00771729]
PARAMETERS = [1.2e-06, 1.2e-06, 1.2e-06, 1.2e-06, 1.2e-06, 1.2e-06, 2.0e-07, 1.2e-06, 2.0e-07, 2.0e-07, 1.2e-06, 1.2e-06, 2.0e-07, 2.0e-07, 2.0e-07, 2.0e-07, 2.0e-07, 2.0e-07, 2.0e-07, 2.0e-07, 1.2e-06, 2.0e-07]

 
AT ITERATION 10:  FOM = [0.02194427]
PARAMETERS = [1.2e-06, 2.0e-07, 2.0e-07, 2.0e-07, 1.2e-06, 2.0e-07, 1.2e-06, 2.0e-07, 2.0e-07, 2.0e-07, 1.2e-06, 2.0e-07, 1.2e-06, 1.2e-06, 1.2e-06, 2.0e-07, 1.2e-06, 1.2e-06, 1.2e-06, 1.2e-06, 2.0e-07, 2.0e-07]

 
AT ITERATION 11:  FOM = [0.16176214]
PARAMETERS = [2.0e-07, 1.2e-06, 1.2e-06, 1.2e-06, 2.0e-07, 1.2e-06, 1.2e-06, 1.2e-06, 1.2e-06, 1.2e-06, 1.2e-06, 2.0e-07, 2.0e-07, 1.2e-06, 2.0e-07, 1.2e-06, 1.2e-06, 1.2e-06, 1.2e-06, 1.2e-06, 1.2e-06, 2.0e-07]

 
AT ITERATION 12:  FOM = [0.14347484]
PARAMETERS = [2.0e-07, 2.0e-07, 1.2e-06, 2.0e-07, 2.0e-07, 1.2e-06, 1.2e-06, 1.2e-06, 1.2e-06, 1.2e-06, 2.0e-07, 1.2e-06, 1.2e-06, 2.0e-07, 2.0e-07, 1.2e-06, 1.2e-06, 1.2e-06, 2.0e-07, 2.0e-07, 1.2e-06, 1.2e-06]

 
AT ITERATION 13:  FOM = [0.02958365]
PARAMETERS = [1.2e-06, 1.2e-06, 2.0e-07, 1.2e-06, 2.0e-07, 2.0e-07, 2.0e-07, 2.0e-07, 2.0e-07, 2.0e-07, 2.0e-07, 2.0e-07, 1.2e-06, 1.2e-06, 1.2e-06, 1.2e-06, 1.2e-06, 1.2e-06, 1.2e-06, 1.2e-06, 1.2e-06, 2.0e-07]

 
AT ITERATION 14:  FOM = [0.19165951]
PARAMETERS = [2.0e-07, 2.0e-07, 2.0e-07, 2.0e-07, 1.2e-06, 2.0e-07, 2.0e-07, 2.0e-07, 1.2e-06, 1.2e-06, 1.2e-06, 1.2e-06, 1.2e-06, 1.2e-06, 1.2e-06, 1.2e-06, 1.2e-06, 1.2e-06, 2.0e-07, 2.0e-07, 2.0e-07, 2.0e-07]

 
AT ITERATION 15:  FOM = [0.08542628]
PARAMETERS = [2.0e-07, 1.2e-06, 1.2e-06, 1.2e-06, 2.0e-07, 1.2e-06, 2.0e-07, 2.0e-07, 1.2e-06, 2.0e-07, 2.0e-07, 1.2e-06, 1.2e-06, 2.0e-07, 2.0e-07, 2.0e-07, 2.0e-07, 1.2e-06, 1.2e-06, 1.2e-06, 1.2e-06, 2.0e-07]

 
AT ITERATION 16:  FOM = [0.05585822]
PARAMETERS = [1.2e-06, 2.0e-07, 1.2e-06, 2.0e-07, 2.0e-07, 1.2e-06, 1.2e-06, 1.2e-06, 2.0e-07, 2.0e-07, 2.0e-07, 2.0e-07, 2.0e-07, 1.2e-06, 1.2e-06, 1.2e-06, 1.2e-06, 2.0e-07, 2.0e-07, 1.2e-06, 2.0e-07, 2.0e-07]

 
AT ITERATION 17:  FOM = [0.06739227]
PARAMETERS = [2.0e-07, 1.2e-06, 2.0e-07, 1.2e-06, 1.2e-06, 2.0e-07, 1.2e-06, 2.0e-07, 2.0e-07, 2.0e-07, 1.2e-06, 1.2e-06, 1.2e-06, 2.0e-07, 2.0e-07, 2.0e-07, 1.2e-06, 1.2e-06, 1.2e-06, 1.2e-06, 1.2e-06, 1.2e-06]

 
AT ITERATION 18:  FOM = [0.08039034]
PARAMETERS = [2.0e-07, 1.2e-06, 2.0e-07, 2.0e-07, 2.0e-07, 2.0e-07, 1.2e-06, 1.2e-06, 1.2e-06, 1.2e-06, 2.0e-07, 2.0e-07, 1.2e-06, 1.2e-06, 1.2e-06, 1.2e-06, 1.2e-06, 1.2e-06, 1.2e-06, 2.0e-07, 2.0e-07, 2.0e-07]

 
AT ITERATION 19:  FOM = [0.08911973]
PARAMETERS = [2.0e-07, 1.2e-06, 2.0e-07, 1.2e-06, 1.2e-06, 1.2e-06, 2.0e-07, 2.0e-07, 2.0e-07, 2.0e-07, 2.0e-07, 1.2e-06, 1.2e-06, 2.0e-07, 2.0e-07, 2.0e-07, 2.0e-07, 2.0e-07, 2.0e-07, 1.2e-06, 1.2e-06, 2.0e-07]

 
AT ITERATION 20:  FOM = [0.110803]
PARAMETERS = [1.2e-06, 1.2e-06, 1.2e-06, 2.0e-07, 1.2e-06, 2.0e-07, 1.2e-06, 1.2e-06, 1.2e-06, 1.2e-06, 2.0e-07, 1.2e-06, 1.2e-06, 1.2e-06, 1.2e-06, 1.2e-06, 1.2e-06, 1.2e-06, 1.2e-06, 2.0e-07, 1.2e-06, 2.0e-07]

 
AT ITERATION 21:  FOM = [0.29909371]
PARAMETERS = [1.2e-06, 2.0e-07, 2.0e-07, 1.2e-06, 2.0e-07, 1.2e-06, 1.2e-06, 2.0e-07, 2.0e-07, 2.0e-07, 2.0e-07, 2.0e-07, 2.0e-07, 1.2e-06, 2.0e-07, 1.2e-06, 1.2e-06, 1.2e-06, 1.2e-06, 1.2e-06, 1.2e-06, 1.2e-06]

 
AT ITERATION 22:  FOM = [0.06712576]
PARAMETERS = [2.0e-07, 1.2e-06, 1.2e-06, 2.0e-07, 1.2e-06, 1.2e-06, 1.2e-06, 1.2e-06, 1.2e-06, 1.2e-06, 1.2e-06, 1.2e-06, 1.2e-06, 1.2e-06, 1.2e-06, 2.0e-07, 1.2e-06, 1.2e-06, 1.2e-06, 2.0e-07, 2.0e-07, 1.2e-06]

 
AT ITERATION 23:  FOM = [0.10293154]
PARAMETERS = [1.2e-06, 2.0e-07, 1.2e-06, 2.0e-07, 2.0e-07, 1.2e-06, 2.0e-07, 1.2e-06, 1.2e-06, 1.2e-06, 2.0e-07, 2.0e-07, 2.0e-07, 2.0e-07, 2.0e-07, 2.0e-07, 1.2e-06, 2.0e-07, 2.0e-07, 2.0e-07, 2.0e-07, 1.2e-06]

 
AT ITERATION 24:  FOM = [0.02786376]
PARAMETERS = [2.0e-07, 1.2e-06, 1.2e-06, 1.2e-06, 1.2e-06, 2.0e-07, 1.2e-06, 2.0e-07, 1.2e-06, 1.2e-06, 1.2e-06, 2.0e-07, 1.2e-06, 1.2e-06, 1.2e-06, 1.2e-06, 2.0e-07, 1.2e-06, 1.2e-06, 1.2e-06, 1.2e-06, 2.0e-07]

 
AT ITERATION 25:  FOM = [0.30613734]
PARAMETERS = [2.0e-07, 2.0e-07, 1.2e-06, 2.0e-07, 2.0e-07, 1.2e-06, 2.0e-07, 1.2e-06, 2.0e-07, 2.0e-07, 1.2e-06, 1.2e-06, 1.2e-06, 2.0e-07, 2.0e-07, 1.2e-06, 1.2e-06, 2.0e-07, 1.2e-06, 1.2e-06, 1.2e-06, 1.2e-06]

 
AT ITERATION 26:  FOM = [0.11914254]
PARAMETERS = [1.2e-06, 1.2e-06, 1.2e-06, 2.0e-07, 2.0e-07, 2.0e-07, 2.0e-07, 2.0e-07, 1.2e-06, 1.2e-06, 2.0e-07, 1.2e-06, 1.2e-06, 1.2e-06, 1.2e-06, 1.2e-06, 1.2e-06, 1.2e-06, 1.2e-06, 1.2e-06, 1.2e-06, 1.2e-06]

 
AT ITERATION 27:  FOM = [0.30271443]
PARAMETERS = [2.0e-07, 1.2e-06, 2.0e-07, 1.2e-06, 1.2e-06, 1.2e-06, 1.2e-06, 1.2e-06, 1.2e-06, 1.2e-06, 2.0e-07, 1.2e-06, 2.0e-07, 2.0e-07, 1.2e-06, 1.2e-06, 1.2e-06, 2.0e-07, 2.0e-07, 2.0e-07, 2.0e-07, 1.2e-06]

 
AT ITERATION 28:  FOM = [0.03655011]
PARAMETERS = [1.2e-06, 1.2e-06, 2.0e-07, 2.0e-07, 2.0e-07, 2.0e-07, 2.0e-07, 2.0e-07, 1.2e-06, 2.0e-07, 2.0e-07, 1.2e-06, 1.2e-06, 2.0e-07, 1.2e-06, 2.0e-07, 1.2e-06, 1.2e-06, 1.2e-06, 1.2e-06, 1.2e-06, 2.0e-07]

 
AT ITERATION 29:  FOM = [0.2392928]
PARAMETERS = [2.0e-07, 2.0e-07, 2.0e-07, 2.0e-07, 1.2e-06, 1.2e-06, 1.2e-06, 1.2e-06, 2.0e-07, 2.0e-07, 2.0e-07, 2.0e-07, 1.2e-06, 1.2e-06, 1.2e-06, 1.2e-06, 2.0e-07, 1.2e-06, 2.0e-07, 1.2e-06, 2.0e-07, 2.0e-07]

 
