AT ITERATION 0:  FOM = [-1.72167195]
PARAMETERS = [2.91554618e-07, 6.07747220e-07, 5.94129120e-07, 4.97885087e-07, 3.96862644e-07, 3.24783373e-07, 2.61344878e-07, 4.85571704e-07, 6.52576347e-07, 7.36426019e-07, 6.95162409e-07, 2.54851872e-07, 3.00604553e-07, 2.71442836e-07, 2.48596383e-07, 3.23191384e-07, 4.00793080e-07, 4.21341076e-07, 4.77546808e-07, 8.24986800e-07, 7.71825956e-07, 7.21636039e-07]

 
AT ITERATION 1:  FOM = [-1.72952563]
PARAMETERS = [3.00735114e-07, 6.06610715e-07, 5.92378127e-07, 4.93119030e-07, 3.92343277e-07, 3.24042427e-07, 2.59936586e-07, 4.80358408e-07, 6.52514696e-07, 7.34799220e-07, 7.00992818e-07, 2.53592640e-07, 2.98294979e-07, 2.69802726e-07, 2.47480758e-07, 3.20363285e-07, 3.96183483e-07, 4.16259759e-07, 4.80291283e-07, 8.26410869e-07, 7.73836626e-07, 7.19924510e-07]

 
AT ITERATION 2:  FOM = [-1.73106007]
PARAMETERS = [3.02594275e-07, 6.06792889e-07, 5.92115132e-07, 4.94145547e-07, 3.90807536e-07, 3.24944483e-07, 2.60496198e-07, 4.81366442e-07, 6.53376578e-07, 7.33637091e-07, 7.00063409e-07, 2.53512592e-07, 2.99126875e-07, 2.69479700e-07, 2.45964630e-07, 3.19316297e-07, 3.94664602e-07, 4.15489230e-07, 4.82369382e-07, 8.27275398e-07, 7.75036998e-07, 7.19588793e-07]

 
AT ITERATION 3:  FOM = [-1.7333231]
PARAMETERS = [3.04577519e-07, 6.04793144e-07, 5.92829879e-07, 4.99163927e-07, 3.89571949e-07, 3.26786050e-07, 2.62810594e-07, 4.83141802e-07, 6.56756402e-07, 7.30264995e-07, 6.97301898e-07, 2.53538564e-07, 3.02243031e-07, 2.69373554e-07, 2.41214834e-07, 3.16396745e-07, 3.91241179e-07, 4.14264207e-07, 4.87918852e-07, 8.29601768e-07, 7.78528837e-07, 7.18839998e-07]

 
AT ITERATION 4:  FOM = [-1.73524316]
PARAMETERS = [3.06148658e-07, 6.05517247e-07, 5.98153371e-07, 5.03387346e-07, 3.88237418e-07, 3.30675248e-07, 2.66178021e-07, 4.84817799e-07, 6.59904473e-07, 7.29675329e-07, 6.97519786e-07, 2.53560258e-07, 3.04317204e-07, 2.70444379e-07, 2.35990849e-07, 3.14040326e-07, 3.88787609e-07, 4.12117319e-07, 4.93859782e-07, 8.32703004e-07, 7.82512045e-07, 7.18008848e-07]

 
AT ITERATION 5:  FOM = [-1.73694511]
PARAMETERS = [3.01594403e-07, 6.07127151e-07, 6.04942268e-07, 5.03397474e-07, 3.89768184e-07, 3.34612629e-07, 2.72063222e-07, 4.88793110e-07, 6.61881433e-07, 7.30612275e-07, 6.96458008e-07, 2.48105464e-07, 3.04074422e-07, 2.74906698e-07, 2.26732880e-07, 3.09677763e-07, 3.87218522e-07, 4.10971303e-07, 5.00059752e-07, 8.36372575e-07, 7.86967465e-07, 7.16809115e-07]

 
AT ITERATION 6:  FOM = [-1.73759334]
PARAMETERS = [2.97978269e-07, 6.09101828e-07, 6.13070408e-07, 5.03987190e-07, 3.90538462e-07, 3.37093954e-07, 2.77493420e-07, 4.94075041e-07, 6.64331125e-07, 7.32689372e-07, 6.97696430e-07, 2.45683150e-07, 3.03452137e-07, 2.78143626e-07, 2.18211953e-07, 3.06098994e-07, 3.86270459e-07, 4.09099077e-07, 5.05382754e-07, 8.39607107e-07, 7.90926628e-07, 7.15300815e-07]

 
AT ITERATION 7:  FOM = [-1.73779217]
PARAMETERS = [2.94062590e-07, 6.09817696e-07, 6.21328601e-07, 5.06315072e-07, 3.88817738e-07, 3.37913892e-07, 2.83309368e-07, 5.00118425e-07, 6.67359143e-07, 7.35426457e-07, 6.99563010e-07, 2.45528698e-07, 3.03691773e-07, 2.79932180e-07, 2.05999671e-07, 3.00390089e-07, 3.83056046e-07, 4.06883655e-07, 5.07784995e-07, 8.42336937e-07, 7.93543449e-07, 7.12466574e-07]

 
AT ITERATION 8:  FOM = [-1.73909641]
PARAMETERS = [2.95583545e-07, 6.08325021e-07, 6.16132030e-07, 5.03573401e-07, 3.89543305e-07, 3.32312950e-07, 2.79393646e-07, 4.99338163e-07, 6.65147501e-07, 7.36853007e-07, 7.00923395e-07, 2.50135810e-07, 3.03084485e-07, 2.77078738e-07, 2.10893605e-07, 3.01915910e-07, 3.82095853e-07, 4.06997803e-07, 5.01656394e-07, 8.39033532e-07, 7.89667031e-07, 7.12541660e-07]

 
AT ITERATION 9:  FOM = [-1.73989648]
PARAMETERS = [2.96951393e-07, 6.09004559e-07, 6.16073599e-07, 5.03547405e-07, 3.93925694e-07, 3.32512537e-07, 2.79293622e-07, 5.02416329e-07, 6.65807860e-07, 7.38777278e-07, 6.99265818e-07, 2.49716350e-07, 3.03654917e-07, 2.76925069e-07, 2.11807847e-07, 3.00980049e-07, 3.78562582e-07, 4.07174958e-07, 5.01537977e-07, 8.37875090e-07, 7.89102480e-07, 7.12723951e-07]

 
AT ITERATION 10:  FOM = [-1.74029247]
PARAMETERS = [2.98356708e-07, 6.08980393e-07, 6.16618779e-07, 5.03643507e-07, 3.95177673e-07, 3.32725353e-07, 2.80485970e-07, 5.03087952e-07, 6.66344896e-07, 7.38432157e-07, 6.99219187e-07, 2.49922360e-07, 3.03598185e-07, 2.76457388e-07, 2.11735470e-07, 3.00700213e-07, 3.76604725e-07, 4.05089494e-07, 5.01920988e-07, 8.37332539e-07, 7.89227049e-07, 7.12671574e-07]

 
AT ITERATION 11:  FOM = [-1.7409937]
PARAMETERS = [3.01575802e-07, 6.09294812e-07, 6.20498165e-07, 5.04525112e-07, 3.99687084e-07, 3.33972516e-07, 2.86267995e-07, 5.07238143e-07, 6.68055408e-07, 7.37816237e-07, 6.98573841e-07, 2.50555306e-07, 3.03298548e-07, 2.75211732e-07, 2.09505784e-07, 2.98831999e-07, 3.69031730e-07, 3.96767927e-07, 5.03116305e-07, 8.35345088e-07, 7.89710226e-07, 7.12112761e-07]

 
AT ITERATION 12:  FOM = [-1.74104737]
PARAMETERS = [3.02777634e-07, 6.09535609e-07, 6.22010429e-07, 5.05019470e-07, 4.01906162e-07, 3.34403614e-07, 2.88539047e-07, 5.09387623e-07, 6.68932680e-07, 7.38094697e-07, 6.98566583e-07, 2.50816573e-07, 3.03323710e-07, 2.74712163e-07, 2.08517501e-07, 2.97683570e-07, 3.66174359e-07, 3.94043881e-07, 5.03416599e-07, 8.34469958e-07, 7.89688219e-07, 7.11832752e-07]

 
AT ITERATION 13:  FOM = [-1.74144262]
PARAMETERS = [3.02749684e-07, 6.10455621e-07, 6.23706998e-07, 5.06914283e-07, 4.04605536e-07, 3.35383712e-07, 2.91765060e-07, 5.13434804e-07, 6.70252935e-07, 7.40095363e-07, 7.00318581e-07, 2.51010348e-07, 3.03767258e-07, 2.74258635e-07, 2.06326644e-07, 2.95015133e-07, 3.62413217e-07, 3.91837479e-07, 5.03496413e-07, 8.32964506e-07, 7.89258127e-07, 7.11110084e-07]

 
AT ITERATION 14:  FOM = [-1.74217935]
PARAMETERS = [3.03308723e-07, 6.10773529e-07, 6.25318131e-07, 5.10920324e-07, 4.05834112e-07, 3.38954568e-07, 2.95449870e-07, 5.16961628e-07, 6.72482969e-07, 7.40045674e-07, 7.00942222e-07, 2.49945331e-07, 3.04754767e-07, 2.74079115e-07, 2.03784221e-07, 2.91283304e-07, 3.60602585e-07, 3.90884489e-07, 5.05019793e-07, 8.32179289e-07, 7.89586694e-07, 7.10433624e-07]

 
AT ITERATION 15:  FOM = [-1.742321]
PARAMETERS = [3.03519684e-07, 6.10893999e-07, 6.25903013e-07, 5.12099932e-07, 4.06339076e-07, 3.39965292e-07, 2.96675969e-07, 5.18207794e-07, 6.73191125e-07, 7.40117513e-07, 7.01141537e-07, 2.49652558e-07, 3.05024606e-07, 2.73984419e-07, 2.03747117e-07, 2.90388279e-07, 3.59803443e-07, 3.90390353e-07, 5.05427251e-07, 8.31876570e-07, 7.89660133e-07, 7.10191983e-07]

 
AT ITERATION 16:  FOM = [-1.74247288]
PARAMETERS = [3.03471663e-07, 6.10822846e-07, 6.25780073e-07, 5.12444060e-07, 4.06239763e-07, 3.40203452e-07, 2.96579455e-07, 5.18922052e-07, 6.73393254e-07, 7.40175192e-07, 7.00930061e-07, 2.49048058e-07, 3.04946309e-07, 2.73846425e-07, 2.02200372e-07, 2.87262291e-07, 3.60026932e-07, 3.90635937e-07, 5.05047197e-07, 8.31680434e-07, 7.89420519e-07, 7.10010797e-07]

 
AT ITERATION 17:  FOM = [-1.7426016]
PARAMETERS = [3.03598977e-07, 6.10876224e-07, 6.25768752e-07, 5.12868262e-07, 4.06320032e-07, 3.40556063e-07, 2.96623040e-07, 5.19703801e-07, 6.73624141e-07, 7.40169737e-07, 7.00611548e-07, 2.48618491e-07, 3.04916168e-07, 2.73612582e-07, 2.03174919e-07, 2.85644142e-07, 3.60101245e-07, 3.90651229e-07, 5.04684523e-07, 8.31374415e-07, 7.89146206e-07, 7.09877639e-07]

 
AT ITERATION 18:  FOM = [-1.74279598]
PARAMETERS = [3.03484673e-07, 6.11089720e-07, 6.26191744e-07, 5.13018422e-07, 4.06303345e-07, 3.40501525e-07, 2.97074624e-07, 5.19967724e-07, 6.73857043e-07, 7.40086418e-07, 7.00481322e-07, 2.48772769e-07, 3.04612171e-07, 2.73228562e-07, 2.02680579e-07, 2.85508505e-07, 3.60643107e-07, 3.90168668e-07, 5.04366150e-07, 8.30974461e-07, 7.88821960e-07, 7.09792088e-07]

 
AT ITERATION 19:  FOM = [-1.74282466]
PARAMETERS = [3.03369310e-07, 6.11251009e-07, 6.26350974e-07, 5.12840688e-07, 4.06029060e-07, 3.40141086e-07, 2.97150193e-07, 5.19912102e-07, 6.73901614e-07, 7.39965709e-07, 7.00095716e-07, 2.49002779e-07, 3.04067443e-07, 2.72758607e-07, 2.04380694e-07, 2.86261010e-07, 3.61563995e-07, 3.89803367e-07, 5.03849157e-07, 8.30557962e-07, 7.88346470e-07, 7.09727723e-07]

 
AT ITERATION 20:  FOM = [-1.74298299]
PARAMETERS = [3.03738641e-07, 6.11519577e-07, 6.26519625e-07, 5.12662820e-07, 4.06498865e-07, 3.40456664e-07, 2.97424757e-07, 5.20175474e-07, 6.73874329e-07, 7.39980549e-07, 6.99681997e-07, 2.49100967e-07, 3.03393953e-07, 2.72168584e-07, 2.04488122e-07, 2.85815384e-07, 3.61666519e-07, 3.89099864e-07, 5.03645830e-07, 8.29787512e-07, 7.87750051e-07, 7.09600071e-07]

 
AT ITERATION 21:  FOM = [-1.74301399]
PARAMETERS = [3.04096549e-07, 6.11575945e-07, 6.26442226e-07, 5.12318076e-07, 4.06724391e-07, 3.40539340e-07, 2.97237482e-07, 5.19892960e-07, 6.73521227e-07, 7.39955279e-07, 6.99773363e-07, 2.49169009e-07, 3.03170560e-07, 2.72073114e-07, 2.04059949e-07, 2.85976298e-07, 3.61377246e-07, 3.89060250e-07, 5.03831196e-07, 8.29696739e-07, 7.87649512e-07, 7.09625302e-07]

 
AT ITERATION 22:  FOM = [-1.74303208]
PARAMETERS = [3.04352117e-07, 6.11629863e-07, 6.26274497e-07, 5.12104971e-07, 4.06846702e-07, 3.40663989e-07, 2.97098910e-07, 5.19647499e-07, 6.73226902e-07, 7.39964515e-07, 6.99811847e-07, 2.49231429e-07, 3.03007876e-07, 2.72032653e-07, 2.03504121e-07, 2.86096757e-07, 3.61190426e-07, 3.89092657e-07, 5.04035943e-07, 8.29666716e-07, 7.87602942e-07, 7.09654083e-07]

 
AT ITERATION 23:  FOM = [-1.74303208]
PARAMETERS = [3.04352117e-07, 6.11629863e-07, 6.26274497e-07, 5.12104971e-07, 4.06846702e-07, 3.40663989e-07, 2.97098910e-07, 5.19647499e-07, 6.73226902e-07, 7.39964515e-07, 6.99811847e-07, 2.49231429e-07, 3.03007876e-07, 2.72032653e-07, 2.03504121e-07, 2.86096757e-07, 3.61190426e-07, 3.89092657e-07, 5.04035943e-07, 8.29666716e-07, 7.87602942e-07, 7.09654083e-07]

 
