AT ITERATION 0:  FOM = [-0.65506827]
PARAMETERS = [2.500e-07, 2.925e-07, 3.350e-07, 3.775e-07, 4.200e-07, 4.625e-07, 5.050e-07, 5.475e-07, 5.900e-07, 6.325e-07, 6.750e-07, 2.500e-07, 2.925e-07, 3.350e-07, 3.775e-07, 4.200e-07, 4.625e-07, 5.050e-07, 5.475e-07, 5.900e-07, 6.325e-07, 6.750e-07]

 
AT ITERATION 1:  FOM = [-0.76466204]
PARAMETERS = [2.35595428e-07, 5.53942973e-07, 5.10637080e-07, 3.26363771e-07, 3.56619885e-07, 6.64386764e-07, 4.17132114e-07, 4.61320647e-07, 6.54679734e-07, 7.71984288e-07, 8.03744257e-07, 3.99513416e-07, 2.65851543e-07, 2.96107657e-07, 5.73392043e-07, 4.09728774e-07, 6.30056916e-07, 4.17132114e-07, 4.47388228e-07, 7.65735773e-07, 7.44124124e-07, 6.76877383e-07]

 
AT ITERATION 2:  FOM = [-0.9635609]
PARAMETERS = [3.17447049e-07, 5.96870690e-07, 5.02499866e-07, 3.35933038e-07, 3.61147811e-07, 6.76992575e-07, 3.85173103e-07, 4.08307354e-07, 6.47815970e-07, 7.64692916e-07, 7.91380842e-07, 3.51124030e-07, 2.94898555e-07, 3.25739451e-07, 5.73522948e-07, 3.68407528e-07, 5.85601006e-07, 4.19600653e-07, 4.70091546e-07, 7.83227613e-07, 7.30820797e-07, 6.63017762e-07]

 
AT ITERATION 3:  FOM = [-1.05613447]
PARAMETERS = [3.43522678e-07, 5.70988465e-07, 4.52704804e-07, 3.95430111e-07, 3.79694096e-07, 6.43985826e-07, 3.56058837e-07, 3.80934235e-07, 6.33655252e-07, 7.24309572e-07, 7.37133681e-07, 2.35333869e-07, 2.98031783e-07, 3.66029917e-07, 5.25423883e-07, 3.23209359e-07, 4.97116547e-07, 4.70800194e-07, 5.15670472e-07, 7.70298052e-07, 7.03134903e-07, 6.53277855e-07]

 
AT ITERATION 4:  FOM = [-1.19571209]
PARAMETERS = [3.22215471e-07, 5.95806350e-07, 4.99406616e-07, 4.09915150e-07, 3.57969685e-07, 6.69472614e-07, 3.48464312e-07, 3.73564902e-07, 6.46709810e-07, 7.37034895e-07, 7.33775777e-07, 2.98505853e-07, 3.00345808e-07, 3.56062791e-07, 5.54218766e-07, 3.21342045e-07, 5.27583084e-07, 4.66696431e-07, 5.02132457e-07, 7.95952527e-07, 7.25731548e-07, 6.63648625e-07]

 
AT ITERATION 5:  FOM = [-1.28691365]
PARAMETERS = [3.16675586e-07, 5.96180431e-07, 5.17120974e-07, 4.27624638e-07, 3.32908438e-07, 6.66634183e-07, 3.44233414e-07, 3.67728064e-07, 6.48810056e-07, 7.24595703e-07, 7.01063612e-07, 2.96353242e-07, 2.84102963e-07, 3.51385194e-07, 5.54017471e-07, 3.20411078e-07, 5.29358793e-07, 4.59555256e-07, 4.89225234e-07, 8.04473093e-07, 7.36135817e-07, 6.74045945e-07]

 
AT ITERATION 6:  FOM = [-1.32339006]
PARAMETERS = [3.16483477e-07, 5.84058087e-07, 5.16788790e-07, 4.53036155e-07, 3.24055994e-07, 6.49969826e-07, 3.38806176e-07, 3.65742591e-07, 6.46377819e-07, 7.10657662e-07, 6.66199455e-07, 2.90565215e-07, 2.65919429e-07, 3.43908002e-07, 5.39782178e-07, 3.26423318e-07, 5.23018876e-07, 4.60897026e-07, 4.86672703e-07, 8.00667694e-07, 7.36606558e-07, 6.83695073e-07]

 
AT ITERATION 7:  FOM = [-1.3554857]
PARAMETERS = [3.23541940e-07, 5.78599245e-07, 5.13322306e-07, 4.69767860e-07, 3.24707915e-07, 6.41300804e-07, 3.31022446e-07, 3.61570495e-07, 6.44555692e-07, 7.13181471e-07, 6.75027849e-07, 2.85999564e-07, 2.51215657e-07, 3.32006355e-07, 5.31610302e-07, 3.34844939e-07, 5.27065166e-07, 4.57929070e-07, 4.79252896e-07, 8.02126867e-07, 7.36965471e-07, 6.87729388e-07]

 
AT ITERATION 8:  FOM = [-1.43954472]
PARAMETERS = [3.84615984e-07, 5.49204821e-07, 4.92957887e-07, 5.84050063e-07, 3.20501636e-07, 5.97194044e-07, 2.64093439e-07, 3.18291581e-07, 6.35335772e-07, 7.15190323e-07, 7.03479546e-07, 2.68230903e-07, 2.00000000e-07, 2.69072844e-07, 4.89264857e-07, 3.48562448e-07, 5.25157089e-07, 4.63068455e-07, 4.42983055e-07, 8.23107610e-07, 7.42670251e-07, 7.12121868e-07]

 
AT ITERATION 9:  FOM = [-1.47955175]
PARAMETERS = [3.87921131e-07, 5.22107160e-07, 4.73327035e-07, 5.92137460e-07, 3.36120847e-07, 5.69598478e-07, 2.64166607e-07, 3.29156476e-07, 6.30034595e-07, 7.03757547e-07, 7.03941154e-07, 2.67376176e-07, 2.00000000e-07, 2.56556752e-07, 4.68309335e-07, 3.51466993e-07, 5.21631744e-07, 4.72939653e-07, 4.39418957e-07, 8.11662187e-07, 7.37946675e-07, 7.17627052e-07]

 
AT ITERATION 10:  FOM = [-1.52335243]
PARAMETERS = [3.70859965e-07, 5.20296896e-07, 4.71283011e-07, 5.51225703e-07, 3.52807229e-07, 5.69018407e-07, 2.81992602e-07, 3.49002263e-07, 6.28730667e-07, 6.97291164e-07, 6.98801802e-07, 2.73547637e-07, 2.22920727e-07, 2.67033778e-07, 4.72395660e-07, 3.47299335e-07, 5.20732976e-07, 4.77869697e-07, 4.47946197e-07, 8.00661963e-07, 7.35234925e-07, 7.12662027e-07]

 
AT ITERATION 11:  FOM = [-1.56940623]
PARAMETERS = [3.63705481e-07, 5.20425808e-07, 4.72009894e-07, 5.22529076e-07, 3.77848530e-07, 5.49921180e-07, 2.73585072e-07, 3.54831586e-07, 6.26065114e-07, 6.99061513e-07, 6.89997810e-07, 2.74616689e-07, 2.16790009e-07, 2.44116359e-07, 4.65506759e-07, 3.47437763e-07, 5.21079274e-07, 4.76512337e-07, 4.32781712e-07, 7.93750329e-07, 7.38774185e-07, 7.15066206e-07]

 
AT ITERATION 12:  FOM = [-1.58028452]
PARAMETERS = [3.48326528e-07, 5.01522503e-07, 4.68218435e-07, 4.84859902e-07, 4.04181059e-07, 5.07327134e-07, 2.47506807e-07, 3.68284960e-07, 6.10509699e-07, 6.98836326e-07, 6.94617780e-07, 2.74237213e-07, 2.15111602e-07, 2.02156258e-07, 4.42262084e-07, 3.59259750e-07, 5.26031217e-07, 4.73173397e-07, 4.09231081e-07, 7.80942397e-07, 7.44193614e-07, 7.19641226e-07]

 
AT ITERATION 13:  FOM = [-1.60811815]
PARAMETERS = [3.51485290e-07, 5.04033727e-07, 4.77698983e-07, 5.05377711e-07, 4.07605277e-07, 5.02266075e-07, 2.41139018e-07, 3.65543385e-07, 6.16267083e-07, 7.01893165e-07, 6.95562562e-07, 2.66997078e-07, 2.21149062e-07, 2.01065073e-07, 4.34139647e-07, 3.66157328e-07, 5.24603086e-07, 4.75842288e-07, 4.14042972e-07, 7.83623016e-07, 7.47172715e-07, 7.20905260e-07]

 
AT ITERATION 14:  FOM = [-1.62800715]
PARAMETERS = [3.40611442e-07, 5.09692410e-07, 4.88659800e-07, 5.12963617e-07, 4.13635269e-07, 4.89140077e-07, 2.28586001e-07, 3.62880952e-07, 6.22933395e-07, 7.07531137e-07, 6.89056310e-07, 2.52862915e-07, 2.30699450e-07, 2.00000000e-07, 4.18669604e-07, 3.80629013e-07, 5.18910511e-07, 4.77230275e-07, 4.22733470e-07, 7.82242709e-07, 7.52170414e-07, 7.20530543e-07]

 
AT ITERATION 15:  FOM = [-1.63661095]
PARAMETERS = [3.32780546e-07, 5.20558882e-07, 4.98929117e-07, 5.15338312e-07, 4.22486643e-07, 4.82091092e-07, 2.25952276e-07, 3.64257471e-07, 6.29173693e-07, 7.11363235e-07, 6.92929174e-07, 2.46813197e-07, 2.35506552e-07, 2.00000000e-07, 4.05487914e-07, 3.91638286e-07, 5.18531938e-07, 4.74495726e-07, 4.27494767e-07, 7.82192294e-07, 7.58706497e-07, 7.18399050e-07]

 
AT ITERATION 16:  FOM = [-1.64881401]
PARAMETERS = [3.18572202e-07, 5.26330269e-07, 5.03881067e-07, 5.13736175e-07, 4.41866458e-07, 4.62059095e-07, 2.22869924e-07, 3.76797112e-07, 6.35493557e-07, 7.10756189e-07, 7.00827017e-07, 2.36075364e-07, 2.37202656e-07, 2.00000000e-07, 3.75219723e-07, 4.11344858e-07, 5.18119957e-07, 4.67524767e-07, 4.29411302e-07, 7.75348482e-07, 7.68421784e-07, 7.16459471e-07]

 
AT ITERATION 17:  FOM = [-1.66013185]
PARAMETERS = [3.09510139e-07, 5.26556027e-07, 5.01345877e-07, 5.03716390e-07, 4.50758905e-07, 4.43091138e-07, 2.29670345e-07, 3.87957364e-07, 6.40080700e-07, 7.03462665e-07, 7.03803787e-07, 2.34815990e-07, 2.31057638e-07, 2.00000000e-07, 3.50079195e-07, 4.26667677e-07, 5.19998657e-07, 4.56314521e-07, 4.27912218e-07, 7.67260950e-07, 7.74968329e-07, 7.15147240e-07]

 
AT ITERATION 18:  FOM = [-1.6603029]
PARAMETERS = [3.02762941e-07, 5.32508990e-07, 4.94632174e-07, 4.77500828e-07, 4.65098966e-07, 4.18363136e-07, 2.48122425e-07, 4.11489562e-07, 6.52344308e-07, 6.93176169e-07, 7.09718321e-07, 2.30877325e-07, 2.20138381e-07, 2.00000000e-07, 3.10609686e-07, 4.44204608e-07, 5.16711830e-07, 4.40748784e-07, 4.27069011e-07, 7.53639523e-07, 7.86631520e-07, 7.12132101e-07]

 
AT ITERATION 19:  FOM = [-1.66974361]
PARAMETERS = [3.09104735e-07, 5.30981233e-07, 4.95207264e-07, 4.79128722e-07, 4.57950575e-07, 4.30108329e-07, 2.45062768e-07, 4.05690792e-07, 6.52172598e-07, 7.00549479e-07, 7.04274320e-07, 2.41453444e-07, 2.21783308e-07, 2.00000000e-07, 3.24556293e-07, 4.33047485e-07, 5.15116495e-07, 4.47275330e-07, 4.27647311e-07, 7.58429340e-07, 7.84036560e-07, 7.13513328e-07]

 
AT ITERATION 20:  FOM = [-1.67219777]
PARAMETERS = [3.13568933e-07, 5.29536815e-07, 4.94030022e-07, 4.79723948e-07, 4.55552527e-07, 4.35243600e-07, 2.43105043e-07, 4.04535840e-07, 6.52244393e-07, 7.03302604e-07, 7.03437926e-07, 2.41626909e-07, 2.22106030e-07, 2.00000000e-07, 3.25470131e-07, 4.28027971e-07, 5.11957670e-07, 4.50350163e-07, 4.29640789e-07, 7.60682801e-07, 7.83924496e-07, 7.13822957e-07]

 
AT ITERATION 21:  FOM = [-1.6724908]
PARAMETERS = [3.17727859e-07, 5.28101087e-07, 4.93679284e-07, 4.82594400e-07, 4.51668732e-07, 4.40988942e-07, 2.40981002e-07, 4.02091657e-07, 6.51324076e-07, 7.05315767e-07, 7.03122594e-07, 2.42073419e-07, 2.22641441e-07, 2.00000000e-07, 3.28324286e-07, 4.23378944e-07, 5.10203169e-07, 4.53061444e-07, 4.30903644e-07, 7.63312448e-07, 7.83083334e-07, 7.14162458e-07]

 
AT ITERATION 22:  FOM = [-1.67253169]
PARAMETERS = [3.18919024e-07, 5.27766873e-07, 4.93557812e-07, 4.83213487e-07, 4.50690543e-07, 4.42377657e-07, 2.40550102e-07, 4.01711095e-07, 6.51169772e-07, 7.05985718e-07, 7.02882212e-07, 2.42488060e-07, 2.22676666e-07, 2.00000000e-07, 3.28764830e-07, 4.22242438e-07, 5.09862100e-07, 4.53602130e-07, 4.31163922e-07, 7.63994661e-07, 7.82983212e-07, 7.14237125e-07]

 
AT ITERATION 23:  FOM = [-1.67364852]
PARAMETERS = [3.18715131e-07, 5.28063057e-07, 4.94564399e-07, 4.84236112e-07, 4.51344582e-07, 4.40550433e-07, 2.39755198e-07, 4.03123851e-07, 6.51884905e-07, 7.06259398e-07, 7.03416733e-07, 2.42567945e-07, 2.22648646e-07, 2.00000000e-07, 3.23525829e-07, 4.24091230e-07, 5.09876925e-07, 4.52586411e-07, 4.31524132e-07, 7.64092456e-07, 7.84572445e-07, 7.14031530e-07]

 
AT ITERATION 24:  FOM = [-1.67516009]
PARAMETERS = [3.17974274e-07, 5.31095130e-07, 4.98585003e-07, 4.85691575e-07, 4.53974298e-07, 4.34949643e-07, 2.38254793e-07, 4.07678562e-07, 6.56115417e-07, 7.07818723e-07, 7.04944935e-07, 2.43003584e-07, 2.22601655e-07, 2.00000000e-07, 3.06506844e-07, 4.29948855e-07, 5.09285459e-07, 4.49202864e-07, 4.33234005e-07, 7.64394785e-07, 7.90327538e-07, 7.13050178e-07]

 
AT ITERATION 25:  FOM = [-1.67643541]
PARAMETERS = [3.19189686e-07, 5.31408525e-07, 4.98466703e-07, 4.82674524e-07, 4.53268346e-07, 4.36642948e-07, 2.40212240e-07, 4.09123936e-07, 6.55042845e-07, 7.05867434e-07, 7.03953813e-07, 2.45110875e-07, 2.21601369e-07, 2.00000000e-07, 3.05481258e-07, 4.26467523e-07, 5.08332878e-07, 4.48883750e-07, 4.31914239e-07, 7.65556005e-07, 7.90448336e-07, 7.12492533e-07]

 
AT ITERATION 26:  FOM = [-1.67687878]
PARAMETERS = [3.25652963e-07, 5.33973484e-07, 5.00555976e-07, 4.72783702e-07, 4.50990108e-07, 4.39827485e-07, 2.45443803e-07, 4.17284590e-07, 6.53070737e-07, 7.00078153e-07, 7.02899877e-07, 2.50819902e-07, 2.18308687e-07, 2.00000000e-07, 2.90700830e-07, 4.16572102e-07, 5.03356133e-07, 4.46231518e-07, 4.28925758e-07, 7.70652845e-07, 7.94457912e-07, 7.10058638e-07]

 
AT ITERATION 27:  FOM = [-1.67876045]
PARAMETERS = [3.23301274e-07, 5.34516991e-07, 5.03073770e-07, 4.76191759e-07, 4.54122662e-07, 4.37539760e-07, 2.45405754e-07, 4.16673474e-07, 6.52229635e-07, 7.01826070e-07, 7.03105387e-07, 2.48148779e-07, 2.20268168e-07, 2.00000000e-07, 2.87538760e-07, 4.18162048e-07, 5.03257760e-07, 4.46619476e-07, 4.29600297e-07, 7.71538310e-07, 7.95465430e-07, 7.09899586e-07]

 
AT ITERATION 28:  FOM = [-1.67958438]
PARAMETERS = [3.20144169e-07, 5.35843655e-07, 5.04958224e-07, 4.80891280e-07, 4.56813851e-07, 4.36244526e-07, 2.43243179e-07, 4.15303084e-07, 6.51608019e-07, 7.04396296e-07, 7.03057467e-07, 2.44744160e-07, 2.22528891e-07, 2.00000000e-07, 2.85447962e-07, 4.20127780e-07, 5.03195401e-07, 4.46980226e-07, 4.30481683e-07, 7.72449851e-07, 7.96138382e-07, 7.09821825e-07]

 
AT ITERATION 29:  FOM = [-1.6827201]
PARAMETERS = [3.22413268e-07, 5.48654147e-07, 5.10372105e-07, 4.77474441e-07, 4.53112950e-07, 4.39466681e-07, 2.50247433e-07, 4.22368457e-07, 6.45604995e-07, 7.03192424e-07, 7.03633057e-07, 2.48502758e-07, 2.27251212e-07, 2.00000000e-07, 2.58132766e-07, 4.05253573e-07, 4.90592108e-07, 4.46933672e-07, 4.31544476e-07, 7.85983720e-07, 8.02300914e-07, 7.05350115e-07]

 
AT ITERATION 30:  FOM = [-1.68468449]
PARAMETERS = [3.20562198e-07, 5.49518885e-07, 5.13477717e-07, 4.77845048e-07, 4.48279262e-07, 4.36806534e-07, 2.47502953e-07, 4.18848172e-07, 6.44529472e-07, 7.06390692e-07, 7.01173170e-07, 2.45114122e-07, 2.31092062e-07, 2.00000000e-07, 2.63182001e-07, 4.05152224e-07, 4.90107116e-07, 4.48121660e-07, 4.32118156e-07, 7.87376135e-07, 7.99562090e-07, 7.06596383e-07]

 
