
------------------------------------
2.963087562507892750e-07
6.088546715616499772e-07
6.191198424584373230e-07
5.164205634441110131e-07
4.093534299084394948e-07
3.480130434868019361e-07
2.984974019365979214e-07
5.205982611982422193e-07
6.742359384098387608e-07
7.422007393508139378e-07
6.992029352857723663e-07
2.485649198416117246e-07
2.927778590014759757e-07
2.624714642608387244e-07
2.027539103734804984e-07
2.824985364188345834e-07
3.589585630646409039e-07
3.845305613467934333e-07
5.026865897514424450e-07
8.251875532617737426e-07
7.825164096255663814e-07
7.104936788334500916e-07

------------------------------------
2.963087562507892750e-07
6.088546715616499772e-07
6.191198424584373230e-07
5.164205634441110131e-07
4.093534299084394948e-07
3.480130434868019361e-07
2.984974019365979214e-07
5.205982611982422193e-07
6.742359384098387608e-07
7.422007393508139378e-07
6.992029352857723663e-07
2.485649198416117246e-07
2.927778590014759757e-07
2.624714642608387244e-07
2.027539103734804984e-07
2.824985364188345834e-07
3.589585630646409039e-07
3.845305613467934333e-07
5.026865897514424450e-07
8.251875532617737426e-07
7.825164096255663814e-07
7.104936788334500916e-07

------------------------------------
2.963087562507892750e-07
6.088546715616499772e-07
6.191198424584373230e-07
5.164205634441110131e-07
4.093534299084394948e-07
3.480130434868019361e-07
2.984974019365979214e-07
5.205982611982422193e-07
6.742359384098387608e-07
7.422007393508139378e-07
6.992029352857723663e-07
2.485649198416117246e-07
2.927778590014759757e-07
2.624714642608387244e-07
2.027539103734804984e-07
2.824985364188345834e-07
3.589585630646409039e-07
3.845305613467934333e-07
5.026865897514424450e-07
8.251875532617737426e-07
7.825164096255663814e-07
7.104936788334500916e-07

------------------------------------
2.973087562507892972e-07
6.088546715616499772e-07
6.191198424584373230e-07
5.164205634441110131e-07
4.093534299084394948e-07
3.480130434868019361e-07
2.984974019365979214e-07
5.205982611982422193e-07
6.742359384098387608e-07
7.422007393508139378e-07
6.992029352857723663e-07
2.485649198416117246e-07
2.927778590014759757e-07
2.624714642608387244e-07
2.027539103734804984e-07
2.824985364188345834e-07
3.589585630646409039e-07
3.845305613467934333e-07
5.026865897514424450e-07
8.251875532617737426e-07
7.825164096255663814e-07
7.104936788334500916e-07

------------------------------------
2.973087562507892972e-07
6.088546715616499772e-07
6.191198424584373230e-07
5.164205634441110131e-07
4.093534299084394948e-07
3.480130434868019361e-07
2.984974019365979214e-07
5.205982611982422193e-07
6.742359384098387608e-07
7.422007393508139378e-07
6.992029352857723663e-07
2.485649198416117246e-07
2.927778590014759757e-07
2.624714642608387244e-07
2.027539103734804984e-07
2.824985364188345834e-07
3.589585630646409039e-07
3.845305613467934333e-07
5.026865897514424450e-07
8.251875532617737426e-07
7.825164096255663814e-07
7.104936788334500916e-07

------------------------------------
2.963087562507892750e-07
6.098546715616499465e-07
6.191198424584373230e-07
5.164205634441110131e-07
4.093534299084394948e-07
3.480130434868019361e-07
2.984974019365979214e-07
5.205982611982422193e-07
6.742359384098387608e-07
7.422007393508139378e-07
6.992029352857723663e-07
2.485649198416117246e-07
2.927778590014759757e-07
2.624714642608387244e-07
2.027539103734804984e-07
2.824985364188345834e-07
3.589585630646409039e-07
3.845305613467934333e-07
5.026865897514424450e-07
8.251875532617737426e-07
7.825164096255663814e-07
7.104936788334500916e-07

------------------------------------
2.963087562507892750e-07
6.098546715616499465e-07
6.191198424584373230e-07
5.164205634441110131e-07
4.093534299084394948e-07
3.480130434868019361e-07
2.984974019365979214e-07
5.205982611982422193e-07
6.742359384098387608e-07
7.422007393508139378e-07
6.992029352857723663e-07
2.485649198416117246e-07
2.927778590014759757e-07
2.624714642608387244e-07
2.027539103734804984e-07
2.824985364188345834e-07
3.589585630646409039e-07
3.845305613467934333e-07
5.026865897514424450e-07
8.251875532617737426e-07
7.825164096255663814e-07
7.104936788334500916e-07

------------------------------------
2.963087562507892750e-07
6.088546715616499772e-07
6.201198424584372923e-07
5.164205634441110131e-07
4.093534299084394948e-07
3.480130434868019361e-07
2.984974019365979214e-07
5.205982611982422193e-07
6.742359384098387608e-07
7.422007393508139378e-07
6.992029352857723663e-07
2.485649198416117246e-07
2.927778590014759757e-07
2.624714642608387244e-07
2.027539103734804984e-07
2.824985364188345834e-07
3.589585630646409039e-07
3.845305613467934333e-07
5.026865897514424450e-07
8.251875532617737426e-07
7.825164096255663814e-07
7.104936788334500916e-07

------------------------------------
2.963087562507892750e-07
6.088546715616499772e-07
6.201198424584372923e-07
5.164205634441110131e-07
4.093534299084394948e-07
3.480130434868019361e-07
2.984974019365979214e-07
5.205982611982422193e-07
6.742359384098387608e-07
7.422007393508139378e-07
6.992029352857723663e-07
2.485649198416117246e-07
2.927778590014759757e-07
2.624714642608387244e-07
2.027539103734804984e-07
2.824985364188345834e-07
3.589585630646409039e-07
3.845305613467934333e-07
5.026865897514424450e-07
8.251875532617737426e-07
7.825164096255663814e-07
7.104936788334500916e-07

------------------------------------
2.963087562507892750e-07
6.088546715616499772e-07
6.191198424584373230e-07
5.174205634441109824e-07
4.093534299084394948e-07
3.480130434868019361e-07
2.984974019365979214e-07
5.205982611982422193e-07
6.742359384098387608e-07
7.422007393508139378e-07
6.992029352857723663e-07
2.485649198416117246e-07
2.927778590014759757e-07
2.624714642608387244e-07
2.027539103734804984e-07
2.824985364188345834e-07
3.589585630646409039e-07
3.845305613467934333e-07
5.026865897514424450e-07
8.251875532617737426e-07
7.825164096255663814e-07
7.104936788334500916e-07

------------------------------------
2.963087562507892750e-07
6.088546715616499772e-07
6.191198424584373230e-07
5.174205634441109824e-07
4.093534299084394948e-07
3.480130434868019361e-07
2.984974019365979214e-07
5.205982611982422193e-07
6.742359384098387608e-07
7.422007393508139378e-07
6.992029352857723663e-07
2.485649198416117246e-07
2.927778590014759757e-07
2.624714642608387244e-07
2.027539103734804984e-07
2.824985364188345834e-07
3.589585630646409039e-07
3.845305613467934333e-07
5.026865897514424450e-07
8.251875532617737426e-07
7.825164096255663814e-07
7.104936788334500916e-07

------------------------------------
2.963087562507892750e-07
6.088546715616499772e-07
6.191198424584373230e-07
5.164205634441110131e-07
4.103534299084395169e-07
3.480130434868019361e-07
2.984974019365979214e-07
5.205982611982422193e-07
6.742359384098387608e-07
7.422007393508139378e-07
6.992029352857723663e-07
2.485649198416117246e-07
2.927778590014759757e-07
2.624714642608387244e-07
2.027539103734804984e-07
2.824985364188345834e-07
3.589585630646409039e-07
3.845305613467934333e-07
5.026865897514424450e-07
8.251875532617737426e-07
7.825164096255663814e-07
7.104936788334500916e-07

------------------------------------
2.963087562507892750e-07
6.088546715616499772e-07
6.191198424584373230e-07
5.164205634441110131e-07
4.103534299084395169e-07
3.480130434868019361e-07
2.984974019365979214e-07
5.205982611982422193e-07
6.742359384098387608e-07
7.422007393508139378e-07
6.992029352857723663e-07
2.485649198416117246e-07
2.927778590014759757e-07
2.624714642608387244e-07
2.027539103734804984e-07
2.824985364188345834e-07
3.589585630646409039e-07
3.845305613467934333e-07
5.026865897514424450e-07
8.251875532617737426e-07
7.825164096255663814e-07
7.104936788334500916e-07

------------------------------------
2.963087562507892750e-07
6.088546715616499772e-07
6.191198424584373230e-07
5.164205634441110131e-07
4.093534299084394948e-07
3.490130434868019583e-07
2.984974019365979214e-07
5.205982611982422193e-07
6.742359384098387608e-07
7.422007393508139378e-07
6.992029352857723663e-07
2.485649198416117246e-07
2.927778590014759757e-07
2.624714642608387244e-07
2.027539103734804984e-07
2.824985364188345834e-07
3.589585630646409039e-07
3.845305613467934333e-07
5.026865897514424450e-07
8.251875532617737426e-07
7.825164096255663814e-07
7.104936788334500916e-07

------------------------------------
2.963087562507892750e-07
6.088546715616499772e-07
6.191198424584373230e-07
5.164205634441110131e-07
4.093534299084394948e-07
3.490130434868019583e-07
2.984974019365979214e-07
5.205982611982422193e-07
6.742359384098387608e-07
7.422007393508139378e-07
6.992029352857723663e-07
2.485649198416117246e-07
2.927778590014759757e-07
2.624714642608387244e-07
2.027539103734804984e-07
2.824985364188345834e-07
3.589585630646409039e-07
3.845305613467934333e-07
5.026865897514424450e-07
8.251875532617737426e-07
7.825164096255663814e-07
7.104936788334500916e-07

------------------------------------
2.963087562507892750e-07
6.088546715616499772e-07
6.191198424584373230e-07
5.164205634441110131e-07
4.093534299084394948e-07
3.480130434868019361e-07
2.994974019365979436e-07
5.205982611982422193e-07
6.742359384098387608e-07
7.422007393508139378e-07
6.992029352857723663e-07
2.485649198416117246e-07
2.927778590014759757e-07
2.624714642608387244e-07
2.027539103734804984e-07
2.824985364188345834e-07
3.589585630646409039e-07
3.845305613467934333e-07
5.026865897514424450e-07
8.251875532617737426e-07
7.825164096255663814e-07
7.104936788334500916e-07

------------------------------------
2.963087562507892750e-07
6.088546715616499772e-07
6.191198424584373230e-07
5.164205634441110131e-07
4.093534299084394948e-07
3.480130434868019361e-07
2.994974019365979436e-07
5.205982611982422193e-07
6.742359384098387608e-07
7.422007393508139378e-07
6.992029352857723663e-07
2.485649198416117246e-07
2.927778590014759757e-07
2.624714642608387244e-07
2.027539103734804984e-07
2.824985364188345834e-07
3.589585630646409039e-07
3.845305613467934333e-07
5.026865897514424450e-07
8.251875532617737426e-07
7.825164096255663814e-07
7.104936788334500916e-07

------------------------------------
2.963087562507892750e-07
6.088546715616499772e-07
6.191198424584373230e-07
5.164205634441110131e-07
4.093534299084394948e-07
3.480130434868019361e-07
2.984974019365979214e-07
5.215982611982421886e-07
6.742359384098387608e-07
7.422007393508139378e-07
6.992029352857723663e-07
2.485649198416117246e-07
2.927778590014759757e-07
2.624714642608387244e-07
2.027539103734804984e-07
2.824985364188345834e-07
3.589585630646409039e-07
3.845305613467934333e-07
5.026865897514424450e-07
8.251875532617737426e-07
7.825164096255663814e-07
7.104936788334500916e-07

------------------------------------
2.963087562507892750e-07
6.088546715616499772e-07
6.191198424584373230e-07
5.164205634441110131e-07
4.093534299084394948e-07
3.480130434868019361e-07
2.984974019365979214e-07
5.215982611982421886e-07
6.742359384098387608e-07
7.422007393508139378e-07
6.992029352857723663e-07
2.485649198416117246e-07
2.927778590014759757e-07
2.624714642608387244e-07
2.027539103734804984e-07
2.824985364188345834e-07
3.589585630646409039e-07
3.845305613467934333e-07
5.026865897514424450e-07
8.251875532617737426e-07
7.825164096255663814e-07
7.104936788334500916e-07

------------------------------------
2.963087562507892750e-07
6.088546715616499772e-07
6.191198424584373230e-07
5.164205634441110131e-07
4.093534299084394948e-07
3.480130434868019361e-07
2.984974019365979214e-07
5.205982611982422193e-07
6.752359384098387301e-07
7.422007393508139378e-07
6.992029352857723663e-07
2.485649198416117246e-07
2.927778590014759757e-07
2.624714642608387244e-07
2.027539103734804984e-07
2.824985364188345834e-07
3.589585630646409039e-07
3.845305613467934333e-07
5.026865897514424450e-07
8.251875532617737426e-07
7.825164096255663814e-07
7.104936788334500916e-07

------------------------------------
2.963087562507892750e-07
6.088546715616499772e-07
6.191198424584373230e-07
5.164205634441110131e-07
4.093534299084394948e-07
3.480130434868019361e-07
2.984974019365979214e-07
5.205982611982422193e-07
6.752359384098387301e-07
7.422007393508139378e-07
6.992029352857723663e-07
2.485649198416117246e-07
2.927778590014759757e-07
2.624714642608387244e-07
2.027539103734804984e-07
2.824985364188345834e-07
3.589585630646409039e-07
3.845305613467934333e-07
5.026865897514424450e-07
8.251875532617737426e-07
7.825164096255663814e-07
7.104936788334500916e-07

------------------------------------
2.963087562507892750e-07
6.088546715616499772e-07
6.191198424584373230e-07
5.164205634441110131e-07
4.093534299084394948e-07
3.480130434868019361e-07
2.984974019365979214e-07
5.205982611982422193e-07
6.742359384098387608e-07
7.432007393508139071e-07
6.992029352857723663e-07
2.485649198416117246e-07
2.927778590014759757e-07
2.624714642608387244e-07
2.027539103734804984e-07
2.824985364188345834e-07
3.589585630646409039e-07
3.845305613467934333e-07
5.026865897514424450e-07
8.251875532617737426e-07
7.825164096255663814e-07
7.104936788334500916e-07

------------------------------------
2.963087562507892750e-07
6.088546715616499772e-07
6.191198424584373230e-07
5.164205634441110131e-07
4.093534299084394948e-07
3.480130434868019361e-07
2.984974019365979214e-07
5.205982611982422193e-07
6.742359384098387608e-07
7.432007393508139071e-07
6.992029352857723663e-07
2.485649198416117246e-07
2.927778590014759757e-07
2.624714642608387244e-07
2.027539103734804984e-07
2.824985364188345834e-07
3.589585630646409039e-07
3.845305613467934333e-07
5.026865897514424450e-07
8.251875532617737426e-07
7.825164096255663814e-07
7.104936788334500916e-07

------------------------------------
2.963087562507892750e-07
6.088546715616499772e-07
6.191198424584373230e-07
5.164205634441110131e-07
4.093534299084394948e-07
3.480130434868019361e-07
2.984974019365979214e-07
5.205982611982422193e-07
6.742359384098387608e-07
7.422007393508139378e-07
7.002029352857723355e-07
2.485649198416117246e-07
2.927778590014759757e-07
2.624714642608387244e-07
2.027539103734804984e-07
2.824985364188345834e-07
3.589585630646409039e-07
3.845305613467934333e-07
5.026865897514424450e-07
8.251875532617737426e-07
7.825164096255663814e-07
7.104936788334500916e-07

------------------------------------
2.963087562507892750e-07
6.088546715616499772e-07
6.191198424584373230e-07
5.164205634441110131e-07
4.093534299084394948e-07
3.480130434868019361e-07
2.984974019365979214e-07
5.205982611982422193e-07
6.742359384098387608e-07
7.422007393508139378e-07
7.002029352857723355e-07
2.485649198416117246e-07
2.927778590014759757e-07
2.624714642608387244e-07
2.027539103734804984e-07
2.824985364188345834e-07
3.589585630646409039e-07
3.845305613467934333e-07
5.026865897514424450e-07
8.251875532617737426e-07
7.825164096255663814e-07
7.104936788334500916e-07

------------------------------------
2.963087562507892750e-07
6.088546715616499772e-07
6.191198424584373230e-07
5.164205634441110131e-07
4.093534299084394948e-07
3.480130434868019361e-07
2.984974019365979214e-07
5.205982611982422193e-07
6.742359384098387608e-07
7.422007393508139378e-07
6.992029352857723663e-07
2.495649198416117468e-07
2.927778590014759757e-07
2.624714642608387244e-07
2.027539103734804984e-07
2.824985364188345834e-07
3.589585630646409039e-07
3.845305613467934333e-07
5.026865897514424450e-07
8.251875532617737426e-07
7.825164096255663814e-07
7.104936788334500916e-07

------------------------------------
2.963087562507892750e-07
6.088546715616499772e-07
6.191198424584373230e-07
5.164205634441110131e-07
4.093534299084394948e-07
3.480130434868019361e-07
2.984974019365979214e-07
5.205982611982422193e-07
6.742359384098387608e-07
7.422007393508139378e-07
6.992029352857723663e-07
2.495649198416117468e-07
2.927778590014759757e-07
2.624714642608387244e-07
2.027539103734804984e-07
2.824985364188345834e-07
3.589585630646409039e-07
3.845305613467934333e-07
5.026865897514424450e-07
8.251875532617737426e-07
7.825164096255663814e-07
7.104936788334500916e-07

------------------------------------
2.963087562507892750e-07
6.088546715616499772e-07
6.191198424584373230e-07
5.164205634441110131e-07
4.093534299084394948e-07
3.480130434868019361e-07
2.984974019365979214e-07
5.205982611982422193e-07
6.742359384098387608e-07
7.422007393508139378e-07
6.992029352857723663e-07
2.485649198416117246e-07
2.937778590014759979e-07
2.624714642608387244e-07
2.027539103734804984e-07
2.824985364188345834e-07
3.589585630646409039e-07
3.845305613467934333e-07
5.026865897514424450e-07
8.251875532617737426e-07
7.825164096255663814e-07
7.104936788334500916e-07

------------------------------------
2.963087562507892750e-07
6.088546715616499772e-07
6.191198424584373230e-07
5.164205634441110131e-07
4.093534299084394948e-07
3.480130434868019361e-07
2.984974019365979214e-07
5.205982611982422193e-07
6.742359384098387608e-07
7.422007393508139378e-07
6.992029352857723663e-07
2.485649198416117246e-07
2.937778590014759979e-07
2.624714642608387244e-07
2.027539103734804984e-07
2.824985364188345834e-07
3.589585630646409039e-07
3.845305613467934333e-07
5.026865897514424450e-07
8.251875532617737426e-07
7.825164096255663814e-07
7.104936788334500916e-07

------------------------------------
2.963087562507892750e-07
6.088546715616499772e-07
6.191198424584373230e-07
5.164205634441110131e-07
4.093534299084394948e-07
3.480130434868019361e-07
2.984974019365979214e-07
5.205982611982422193e-07
6.742359384098387608e-07
7.422007393508139378e-07
6.992029352857723663e-07
2.485649198416117246e-07
2.927778590014759757e-07
2.634714642608387466e-07
2.027539103734804984e-07
2.824985364188345834e-07
3.589585630646409039e-07
3.845305613467934333e-07
5.026865897514424450e-07
8.251875532617737426e-07
7.825164096255663814e-07
7.104936788334500916e-07

------------------------------------
2.963087562507892750e-07
6.088546715616499772e-07
6.191198424584373230e-07
5.164205634441110131e-07
4.093534299084394948e-07
3.480130434868019361e-07
2.984974019365979214e-07
5.205982611982422193e-07
6.742359384098387608e-07
7.422007393508139378e-07
6.992029352857723663e-07
2.485649198416117246e-07
2.927778590014759757e-07
2.634714642608387466e-07
2.027539103734804984e-07
2.824985364188345834e-07
3.589585630646409039e-07
3.845305613467934333e-07
5.026865897514424450e-07
8.251875532617737426e-07
7.825164096255663814e-07
7.104936788334500916e-07

------------------------------------
2.963087562507892750e-07
6.088546715616499772e-07
6.191198424584373230e-07
5.164205634441110131e-07
4.093534299084394948e-07
3.480130434868019361e-07
2.984974019365979214e-07
5.205982611982422193e-07
6.742359384098387608e-07
7.422007393508139378e-07
6.992029352857723663e-07
2.485649198416117246e-07
2.927778590014759757e-07
2.624714642608387244e-07
2.037539103734804941e-07
2.824985364188345834e-07
3.589585630646409039e-07
3.845305613467934333e-07
5.026865897514424450e-07
8.251875532617737426e-07
7.825164096255663814e-07
7.104936788334500916e-07

------------------------------------
2.963087562507892750e-07
6.088546715616499772e-07
6.191198424584373230e-07
5.164205634441110131e-07
4.093534299084394948e-07
3.480130434868019361e-07
2.984974019365979214e-07
5.205982611982422193e-07
6.742359384098387608e-07
7.422007393508139378e-07
6.992029352857723663e-07
2.485649198416117246e-07
2.927778590014759757e-07
2.624714642608387244e-07
2.037539103734804941e-07
2.824985364188345834e-07
3.589585630646409039e-07
3.845305613467934333e-07
5.026865897514424450e-07
8.251875532617737426e-07
7.825164096255663814e-07
7.104936788334500916e-07

------------------------------------
2.963087562507892750e-07
6.088546715616499772e-07
6.191198424584373230e-07
5.164205634441110131e-07
4.093534299084394948e-07
3.480130434868019361e-07
2.984974019365979214e-07
5.205982611982422193e-07
6.742359384098387608e-07
7.422007393508139378e-07
6.992029352857723663e-07
2.485649198416117246e-07
2.927778590014759757e-07
2.624714642608387244e-07
2.027539103734804984e-07
2.834985364188346055e-07
3.589585630646409039e-07
3.845305613467934333e-07
5.026865897514424450e-07
8.251875532617737426e-07
7.825164096255663814e-07
7.104936788334500916e-07

------------------------------------
2.963087562507892750e-07
6.088546715616499772e-07
6.191198424584373230e-07
5.164205634441110131e-07
4.093534299084394948e-07
3.480130434868019361e-07
2.984974019365979214e-07
5.205982611982422193e-07
6.742359384098387608e-07
7.422007393508139378e-07
6.992029352857723663e-07
2.485649198416117246e-07
2.927778590014759757e-07
2.624714642608387244e-07
2.027539103734804984e-07
2.834985364188346055e-07
3.589585630646409039e-07
3.845305613467934333e-07
5.026865897514424450e-07
8.251875532617737426e-07
7.825164096255663814e-07
7.104936788334500916e-07

------------------------------------
2.963087562507892750e-07
6.088546715616499772e-07
6.191198424584373230e-07
5.164205634441110131e-07
4.093534299084394948e-07
3.480130434868019361e-07
2.984974019365979214e-07
5.205982611982422193e-07
6.742359384098387608e-07
7.422007393508139378e-07
6.992029352857723663e-07
2.485649198416117246e-07
2.927778590014759757e-07
2.624714642608387244e-07
2.027539103734804984e-07
2.824985364188345834e-07
3.599585630646409260e-07
3.845305613467934333e-07
5.026865897514424450e-07
8.251875532617737426e-07
7.825164096255663814e-07
7.104936788334500916e-07

------------------------------------
2.963087562507892750e-07
6.088546715616499772e-07
6.191198424584373230e-07
5.164205634441110131e-07
4.093534299084394948e-07
3.480130434868019361e-07
2.984974019365979214e-07
5.205982611982422193e-07
6.742359384098387608e-07
7.422007393508139378e-07
6.992029352857723663e-07
2.485649198416117246e-07
2.927778590014759757e-07
2.624714642608387244e-07
2.027539103734804984e-07
2.824985364188345834e-07
3.599585630646409260e-07
3.845305613467934333e-07
5.026865897514424450e-07
8.251875532617737426e-07
7.825164096255663814e-07
7.104936788334500916e-07

------------------------------------
2.963087562507892750e-07
6.088546715616499772e-07
6.191198424584373230e-07
5.164205634441110131e-07
4.093534299084394948e-07
3.480130434868019361e-07
2.984974019365979214e-07
5.205982611982422193e-07
6.742359384098387608e-07
7.422007393508139378e-07
6.992029352857723663e-07
2.485649198416117246e-07
2.927778590014759757e-07
2.624714642608387244e-07
2.027539103734804984e-07
2.824985364188345834e-07
3.589585630646409039e-07
3.855305613467934555e-07
5.026865897514424450e-07
8.251875532617737426e-07
7.825164096255663814e-07
7.104936788334500916e-07

------------------------------------
2.963087562507892750e-07
6.088546715616499772e-07
6.191198424584373230e-07
5.164205634441110131e-07
4.093534299084394948e-07
3.480130434868019361e-07
2.984974019365979214e-07
5.205982611982422193e-07
6.742359384098387608e-07
7.422007393508139378e-07
6.992029352857723663e-07
2.485649198416117246e-07
2.927778590014759757e-07
2.624714642608387244e-07
2.027539103734804984e-07
2.824985364188345834e-07
3.589585630646409039e-07
3.855305613467934555e-07
5.026865897514424450e-07
8.251875532617737426e-07
7.825164096255663814e-07
7.104936788334500916e-07

------------------------------------
2.963087562507892750e-07
6.088546715616499772e-07
6.191198424584373230e-07
5.164205634441110131e-07
4.093534299084394948e-07
3.480130434868019361e-07
2.984974019365979214e-07
5.205982611982422193e-07
6.742359384098387608e-07
7.422007393508139378e-07
6.992029352857723663e-07
2.485649198416117246e-07
2.927778590014759757e-07
2.624714642608387244e-07
2.027539103734804984e-07
2.824985364188345834e-07
3.589585630646409039e-07
3.845305613467934333e-07
5.036865897514424142e-07
8.251875532617737426e-07
7.825164096255663814e-07
7.104936788334500916e-07

------------------------------------
2.963087562507892750e-07
6.088546715616499772e-07
6.191198424584373230e-07
5.164205634441110131e-07
4.093534299084394948e-07
3.480130434868019361e-07
2.984974019365979214e-07
5.205982611982422193e-07
6.742359384098387608e-07
7.422007393508139378e-07
6.992029352857723663e-07
2.485649198416117246e-07
2.927778590014759757e-07
2.624714642608387244e-07
2.027539103734804984e-07
2.824985364188345834e-07
3.589585630646409039e-07
3.845305613467934333e-07
5.036865897514424142e-07
8.251875532617737426e-07
7.825164096255663814e-07
7.104936788334500916e-07

------------------------------------
2.963087562507892750e-07
6.088546715616499772e-07
6.191198424584373230e-07
5.164205634441110131e-07
4.093534299084394948e-07
3.480130434868019361e-07
2.984974019365979214e-07
5.205982611982422193e-07
6.742359384098387608e-07
7.422007393508139378e-07
6.992029352857723663e-07
2.485649198416117246e-07
2.927778590014759757e-07
2.624714642608387244e-07
2.027539103734804984e-07
2.824985364188345834e-07
3.589585630646409039e-07
3.845305613467934333e-07
5.026865897514424450e-07
8.261875532617737118e-07
7.825164096255663814e-07
7.104936788334500916e-07

------------------------------------
2.963087562507892750e-07
6.088546715616499772e-07
6.191198424584373230e-07
5.164205634441110131e-07
4.093534299084394948e-07
3.480130434868019361e-07
2.984974019365979214e-07
5.205982611982422193e-07
6.742359384098387608e-07
7.422007393508139378e-07
6.992029352857723663e-07
2.485649198416117246e-07
2.927778590014759757e-07
2.624714642608387244e-07
2.027539103734804984e-07
2.824985364188345834e-07
3.589585630646409039e-07
3.845305613467934333e-07
5.026865897514424450e-07
8.261875532617737118e-07
7.825164096255663814e-07
7.104936788334500916e-07

------------------------------------
2.963087562507892750e-07
6.088546715616499772e-07
6.191198424584373230e-07
5.164205634441110131e-07
4.093534299084394948e-07
3.480130434868019361e-07
2.984974019365979214e-07
5.205982611982422193e-07
6.742359384098387608e-07
7.422007393508139378e-07
6.992029352857723663e-07
2.485649198416117246e-07
2.927778590014759757e-07
2.624714642608387244e-07
2.027539103734804984e-07
2.824985364188345834e-07
3.589585630646409039e-07
3.845305613467934333e-07
5.026865897514424450e-07
8.251875532617737426e-07
7.835164096255663506e-07
7.104936788334500916e-07

------------------------------------
2.963087562507892750e-07
6.088546715616499772e-07
6.191198424584373230e-07
5.164205634441110131e-07
4.093534299084394948e-07
3.480130434868019361e-07
2.984974019365979214e-07
5.205982611982422193e-07
6.742359384098387608e-07
7.422007393508139378e-07
6.992029352857723663e-07
2.485649198416117246e-07
2.927778590014759757e-07
2.624714642608387244e-07
2.027539103734804984e-07
2.824985364188345834e-07
3.589585630646409039e-07
3.845305613467934333e-07
5.026865897514424450e-07
8.251875532617737426e-07
7.835164096255663506e-07
7.104936788334500916e-07

------------------------------------
2.963087562507892750e-07
6.088546715616499772e-07
6.191198424584373230e-07
5.164205634441110131e-07
4.093534299084394948e-07
3.480130434868019361e-07
2.984974019365979214e-07
5.205982611982422193e-07
6.742359384098387608e-07
7.422007393508139378e-07
6.992029352857723663e-07
2.485649198416117246e-07
2.927778590014759757e-07
2.624714642608387244e-07
2.027539103734804984e-07
2.824985364188345834e-07
3.589585630646409039e-07
3.845305613467934333e-07
5.026865897514424450e-07
8.251875532617737426e-07
7.825164096255663814e-07
7.114936788334500608e-07

------------------------------------
2.963087562507892750e-07
6.088546715616499772e-07
6.191198424584373230e-07
5.164205634441110131e-07
4.093534299084394948e-07
3.480130434868019361e-07
2.984974019365979214e-07
5.205982611982422193e-07
6.742359384098387608e-07
7.422007393508139378e-07
6.992029352857723663e-07
2.485649198416117246e-07
2.927778590014759757e-07
2.624714642608387244e-07
2.027539103734804984e-07
2.824985364188345834e-07
3.589585630646409039e-07
3.845305613467934333e-07
5.026865897514424450e-07
8.251875532617737426e-07
7.825164096255663814e-07
7.114936788334500608e-07

------------------------------------
1.999999999999999909e-07
1.999999999999999909e-07
1.199999999999999946e-06
1.199999999999999946e-06
1.199999999999999946e-06
1.199999999999999946e-06
1.199999999999999946e-06
1.199999999999999946e-06
1.199999999999999946e-06
1.199999999999999946e-06
1.199999999999999946e-06
1.199999999999999946e-06
1.199999999999999946e-06
1.199999999999999946e-06
1.199999999999999946e-06
1.199999999999999946e-06
1.199999999999999946e-06
1.199999999999999946e-06
1.199999999999999946e-06
9.972593501699087698e-07
8.024217408002490082e-07
1.160084775894023853e-06

------------------------------------
1.999999999999999909e-07
1.999999999999999909e-07
1.199999999999999946e-06
1.199999999999999946e-06
1.199999999999999946e-06
1.199999999999999946e-06
1.199999999999999946e-06
1.199999999999999946e-06
1.199999999999999946e-06
1.199999999999999946e-06
1.199999999999999946e-06
1.199999999999999946e-06
1.199999999999999946e-06
1.199999999999999946e-06
1.199999999999999946e-06
1.199999999999999946e-06
1.199999999999999946e-06
1.199999999999999946e-06
1.199999999999999946e-06
9.972593501699087698e-07
8.024217408002490082e-07
1.160084775894023853e-06

------------------------------------
2.009999999999999867e-07
1.999999999999999909e-07
1.199999999999999946e-06
1.199999999999999946e-06
1.199999999999999946e-06
1.199999999999999946e-06
1.199999999999999946e-06
1.199999999999999946e-06
1.199999999999999946e-06
1.199999999999999946e-06
1.199999999999999946e-06
1.199999999999999946e-06
1.199999999999999946e-06
1.199999999999999946e-06
1.199999999999999946e-06
1.199999999999999946e-06
1.199999999999999946e-06
1.199999999999999946e-06
1.199999999999999946e-06
9.972593501699087698e-07
8.024217408002490082e-07
1.160084775894023853e-06

------------------------------------
2.009999999999999867e-07
1.999999999999999909e-07
1.199999999999999946e-06
1.199999999999999946e-06
1.199999999999999946e-06
1.199999999999999946e-06
1.199999999999999946e-06
1.199999999999999946e-06
1.199999999999999946e-06
1.199999999999999946e-06
1.199999999999999946e-06
1.199999999999999946e-06
1.199999999999999946e-06
1.199999999999999946e-06
1.199999999999999946e-06
1.199999999999999946e-06
1.199999999999999946e-06
1.199999999999999946e-06
1.199999999999999946e-06
9.972593501699087698e-07
8.024217408002490082e-07
1.160084775894023853e-06

------------------------------------
1.999999999999999909e-07
2.009999999999999867e-07
1.199999999999999946e-06
1.199999999999999946e-06
1.199999999999999946e-06
1.199999999999999946e-06
1.199999999999999946e-06
1.199999999999999946e-06
1.199999999999999946e-06
1.199999999999999946e-06
1.199999999999999946e-06
1.199999999999999946e-06
1.199999999999999946e-06
1.199999999999999946e-06
1.199999999999999946e-06
1.199999999999999946e-06
1.199999999999999946e-06
1.199999999999999946e-06
1.199999999999999946e-06
9.972593501699087698e-07
8.024217408002490082e-07
1.160084775894023853e-06

------------------------------------
1.999999999999999909e-07
2.009999999999999867e-07
1.199999999999999946e-06
1.199999999999999946e-06
1.199999999999999946e-06
1.199999999999999946e-06
1.199999999999999946e-06
1.199999999999999946e-06
1.199999999999999946e-06
1.199999999999999946e-06
1.199999999999999946e-06
1.199999999999999946e-06
1.199999999999999946e-06
1.199999999999999946e-06
1.199999999999999946e-06
1.199999999999999946e-06
1.199999999999999946e-06
1.199999999999999946e-06
1.199999999999999946e-06
9.972593501699087698e-07
8.024217408002490082e-07
1.160084775894023853e-06

------------------------------------
1.999999999999999909e-07
1.999999999999999909e-07
1.201000000000000021e-06
1.199999999999999946e-06
1.199999999999999946e-06
1.199999999999999946e-06
1.199999999999999946e-06
1.199999999999999946e-06
1.199999999999999946e-06
1.199999999999999946e-06
1.199999999999999946e-06
1.199999999999999946e-06
1.199999999999999946e-06
1.199999999999999946e-06
1.199999999999999946e-06
1.199999999999999946e-06
1.199999999999999946e-06
1.199999999999999946e-06
1.199999999999999946e-06
9.972593501699087698e-07
8.024217408002490082e-07
1.160084775894023853e-06

------------------------------------
1.999999999999999909e-07
1.999999999999999909e-07
1.201000000000000021e-06
1.199999999999999946e-06
1.199999999999999946e-06
1.199999999999999946e-06
1.199999999999999946e-06
1.199999999999999946e-06
1.199999999999999946e-06
1.199999999999999946e-06
1.199999999999999946e-06
1.199999999999999946e-06
1.199999999999999946e-06
1.199999999999999946e-06
1.199999999999999946e-06
1.199999999999999946e-06
1.199999999999999946e-06
1.199999999999999946e-06
1.199999999999999946e-06
9.972593501699087698e-07
8.024217408002490082e-07
1.160084775894023853e-06

------------------------------------
1.999999999999999909e-07
1.999999999999999909e-07
1.199999999999999946e-06
1.201000000000000021e-06
1.199999999999999946e-06
1.199999999999999946e-06
1.199999999999999946e-06
1.199999999999999946e-06
1.199999999999999946e-06
1.199999999999999946e-06
1.199999999999999946e-06
1.199999999999999946e-06
1.199999999999999946e-06
1.199999999999999946e-06
1.199999999999999946e-06
1.199999999999999946e-06
1.199999999999999946e-06
1.199999999999999946e-06
1.199999999999999946e-06
9.972593501699087698e-07
8.024217408002490082e-07
1.160084775894023853e-06

------------------------------------
1.999999999999999909e-07
1.999999999999999909e-07
1.199999999999999946e-06
1.201000000000000021e-06
1.199999999999999946e-06
1.199999999999999946e-06
1.199999999999999946e-06
1.199999999999999946e-06
1.199999999999999946e-06
1.199999999999999946e-06
1.199999999999999946e-06
1.199999999999999946e-06
1.199999999999999946e-06
1.199999999999999946e-06
1.199999999999999946e-06
1.199999999999999946e-06
1.199999999999999946e-06
1.199999999999999946e-06
1.199999999999999946e-06
9.972593501699087698e-07
8.024217408002490082e-07
1.160084775894023853e-06

------------------------------------
1.999999999999999909e-07
1.999999999999999909e-07
1.199999999999999946e-06
1.199999999999999946e-06
1.201000000000000021e-06
1.199999999999999946e-06
1.199999999999999946e-06
1.199999999999999946e-06
1.199999999999999946e-06
1.199999999999999946e-06
1.199999999999999946e-06
1.199999999999999946e-06
1.199999999999999946e-06
1.199999999999999946e-06
1.199999999999999946e-06
1.199999999999999946e-06
1.199999999999999946e-06
1.199999999999999946e-06
1.199999999999999946e-06
9.972593501699087698e-07
8.024217408002490082e-07
1.160084775894023853e-06

------------------------------------
1.999999999999999909e-07
1.999999999999999909e-07
1.199999999999999946e-06
1.199999999999999946e-06
1.201000000000000021e-06
1.199999999999999946e-06
1.199999999999999946e-06
1.199999999999999946e-06
1.199999999999999946e-06
1.199999999999999946e-06
1.199999999999999946e-06
1.199999999999999946e-06
1.199999999999999946e-06
1.199999999999999946e-06
1.199999999999999946e-06
1.199999999999999946e-06
1.199999999999999946e-06
1.199999999999999946e-06
1.199999999999999946e-06
9.972593501699087698e-07
8.024217408002490082e-07
1.160084775894023853e-06

------------------------------------
1.999999999999999909e-07
1.999999999999999909e-07
1.199999999999999946e-06
1.199999999999999946e-06
1.199999999999999946e-06
1.201000000000000021e-06
1.199999999999999946e-06
1.199999999999999946e-06
1.199999999999999946e-06
1.199999999999999946e-06
1.199999999999999946e-06
1.199999999999999946e-06
1.199999999999999946e-06
1.199999999999999946e-06
1.199999999999999946e-06
1.199999999999999946e-06
1.199999999999999946e-06
1.199999999999999946e-06
1.199999999999999946e-06
9.972593501699087698e-07
8.024217408002490082e-07
1.160084775894023853e-06

------------------------------------
1.999999999999999909e-07
1.999999999999999909e-07
1.199999999999999946e-06
1.199999999999999946e-06
1.199999999999999946e-06
1.201000000000000021e-06
1.199999999999999946e-06
1.199999999999999946e-06
1.199999999999999946e-06
1.199999999999999946e-06
1.199999999999999946e-06
1.199999999999999946e-06
1.199999999999999946e-06
1.199999999999999946e-06
1.199999999999999946e-06
1.199999999999999946e-06
1.199999999999999946e-06
1.199999999999999946e-06
1.199999999999999946e-06
9.972593501699087698e-07
8.024217408002490082e-07
1.160084775894023853e-06

------------------------------------
1.999999999999999909e-07
1.999999999999999909e-07
1.199999999999999946e-06
1.199999999999999946e-06
1.199999999999999946e-06
1.199999999999999946e-06
1.201000000000000021e-06
1.199999999999999946e-06
1.199999999999999946e-06
1.199999999999999946e-06
1.199999999999999946e-06
1.199999999999999946e-06
1.199999999999999946e-06
1.199999999999999946e-06
1.199999999999999946e-06
1.199999999999999946e-06
1.199999999999999946e-06
1.199999999999999946e-06
1.199999999999999946e-06
9.972593501699087698e-07
8.024217408002490082e-07
1.160084775894023853e-06

------------------------------------
1.999999999999999909e-07
1.999999999999999909e-07
1.199999999999999946e-06
1.199999999999999946e-06
1.199999999999999946e-06
1.199999999999999946e-06
1.201000000000000021e-06
1.199999999999999946e-06
1.199999999999999946e-06
1.199999999999999946e-06
1.199999999999999946e-06
1.199999999999999946e-06
1.199999999999999946e-06
1.199999999999999946e-06
1.199999999999999946e-06
1.199999999999999946e-06
1.199999999999999946e-06
1.199999999999999946e-06
1.199999999999999946e-06
9.972593501699087698e-07
8.024217408002490082e-07
1.160084775894023853e-06

------------------------------------
1.999999999999999909e-07
1.999999999999999909e-07
1.199999999999999946e-06
1.199999999999999946e-06
1.199999999999999946e-06
1.199999999999999946e-06
1.199999999999999946e-06
1.201000000000000021e-06
1.199999999999999946e-06
1.199999999999999946e-06
1.199999999999999946e-06
1.199999999999999946e-06
1.199999999999999946e-06
1.199999999999999946e-06
1.199999999999999946e-06
1.199999999999999946e-06
1.199999999999999946e-06
1.199999999999999946e-06
1.199999999999999946e-06
9.972593501699087698e-07
8.024217408002490082e-07
1.160084775894023853e-06

------------------------------------
1.999999999999999909e-07
1.999999999999999909e-07
1.199999999999999946e-06
1.199999999999999946e-06
1.199999999999999946e-06
1.199999999999999946e-06
1.199999999999999946e-06
1.201000000000000021e-06
1.199999999999999946e-06
1.199999999999999946e-06
1.199999999999999946e-06
1.199999999999999946e-06
1.199999999999999946e-06
1.199999999999999946e-06
1.199999999999999946e-06
1.199999999999999946e-06
1.199999999999999946e-06
1.199999999999999946e-06
1.199999999999999946e-06
9.972593501699087698e-07
8.024217408002490082e-07
1.160084775894023853e-06

------------------------------------
1.999999999999999909e-07
1.999999999999999909e-07
1.199999999999999946e-06
1.199999999999999946e-06
1.199999999999999946e-06
1.199999999999999946e-06
1.199999999999999946e-06
1.199999999999999946e-06
1.201000000000000021e-06
1.199999999999999946e-06
1.199999999999999946e-06
1.199999999999999946e-06
1.199999999999999946e-06
1.199999999999999946e-06
1.199999999999999946e-06
1.199999999999999946e-06
1.199999999999999946e-06
1.199999999999999946e-06
1.199999999999999946e-06
9.972593501699087698e-07
8.024217408002490082e-07
1.160084775894023853e-06

------------------------------------
1.999999999999999909e-07
1.999999999999999909e-07
1.199999999999999946e-06
1.199999999999999946e-06
1.199999999999999946e-06
1.199999999999999946e-06
1.199999999999999946e-06
1.199999999999999946e-06
1.201000000000000021e-06
1.199999999999999946e-06
1.199999999999999946e-06
1.199999999999999946e-06
1.199999999999999946e-06
1.199999999999999946e-06
1.199999999999999946e-06
1.199999999999999946e-06
1.199999999999999946e-06
1.199999999999999946e-06
1.199999999999999946e-06
9.972593501699087698e-07
8.024217408002490082e-07
1.160084775894023853e-06

------------------------------------
1.999999999999999909e-07
1.999999999999999909e-07
1.199999999999999946e-06
1.199999999999999946e-06
1.199999999999999946e-06
1.199999999999999946e-06
1.199999999999999946e-06
1.199999999999999946e-06
1.199999999999999946e-06
1.201000000000000021e-06
1.199999999999999946e-06
1.199999999999999946e-06
1.199999999999999946e-06
1.199999999999999946e-06
1.199999999999999946e-06
1.199999999999999946e-06
1.199999999999999946e-06
1.199999999999999946e-06
1.199999999999999946e-06
9.972593501699087698e-07
8.024217408002490082e-07
1.160084775894023853e-06

------------------------------------
1.999999999999999909e-07
1.999999999999999909e-07
1.199999999999999946e-06
1.199999999999999946e-06
1.199999999999999946e-06
1.199999999999999946e-06
1.199999999999999946e-06
1.199999999999999946e-06
1.199999999999999946e-06
1.201000000000000021e-06
1.199999999999999946e-06
1.199999999999999946e-06
1.199999999999999946e-06
1.199999999999999946e-06
1.199999999999999946e-06
1.199999999999999946e-06
1.199999999999999946e-06
1.199999999999999946e-06
1.199999999999999946e-06
9.972593501699087698e-07
8.024217408002490082e-07
1.160084775894023853e-06

------------------------------------
1.999999999999999909e-07
1.999999999999999909e-07
1.199999999999999946e-06
1.199999999999999946e-06
1.199999999999999946e-06
1.199999999999999946e-06
1.199999999999999946e-06
1.199999999999999946e-06
1.199999999999999946e-06
1.199999999999999946e-06
1.201000000000000021e-06
1.199999999999999946e-06
1.199999999999999946e-06
1.199999999999999946e-06
1.199999999999999946e-06
1.199999999999999946e-06
1.199999999999999946e-06
1.199999999999999946e-06
1.199999999999999946e-06
9.972593501699087698e-07
8.024217408002490082e-07
1.160084775894023853e-06

------------------------------------
1.999999999999999909e-07
1.999999999999999909e-07
1.199999999999999946e-06
1.199999999999999946e-06
1.199999999999999946e-06
1.199999999999999946e-06
1.199999999999999946e-06
1.199999999999999946e-06
1.199999999999999946e-06
1.199999999999999946e-06
1.201000000000000021e-06
1.199999999999999946e-06
1.199999999999999946e-06
1.199999999999999946e-06
1.199999999999999946e-06
1.199999999999999946e-06
1.199999999999999946e-06
1.199999999999999946e-06
1.199999999999999946e-06
9.972593501699087698e-07
8.024217408002490082e-07
1.160084775894023853e-06

------------------------------------
1.999999999999999909e-07
1.999999999999999909e-07
1.199999999999999946e-06
1.199999999999999946e-06
1.199999999999999946e-06
1.199999999999999946e-06
1.199999999999999946e-06
1.199999999999999946e-06
1.199999999999999946e-06
1.199999999999999946e-06
1.199999999999999946e-06
1.201000000000000021e-06
1.199999999999999946e-06
1.199999999999999946e-06
1.199999999999999946e-06
1.199999999999999946e-06
1.199999999999999946e-06
1.199999999999999946e-06
1.199999999999999946e-06
9.972593501699087698e-07
8.024217408002490082e-07
1.160084775894023853e-06

------------------------------------
1.999999999999999909e-07
1.999999999999999909e-07
1.199999999999999946e-06
1.199999999999999946e-06
1.199999999999999946e-06
1.199999999999999946e-06
1.199999999999999946e-06
1.199999999999999946e-06
1.199999999999999946e-06
1.199999999999999946e-06
1.199999999999999946e-06
1.201000000000000021e-06
1.199999999999999946e-06
1.199999999999999946e-06
1.199999999999999946e-06
1.199999999999999946e-06
1.199999999999999946e-06
1.199999999999999946e-06
1.199999999999999946e-06
9.972593501699087698e-07
8.024217408002490082e-07
1.160084775894023853e-06

------------------------------------
1.999999999999999909e-07
1.999999999999999909e-07
1.199999999999999946e-06
1.199999999999999946e-06
1.199999999999999946e-06
1.199999999999999946e-06
1.199999999999999946e-06
1.199999999999999946e-06
1.199999999999999946e-06
1.199999999999999946e-06
1.199999999999999946e-06
1.199999999999999946e-06
1.201000000000000021e-06
1.199999999999999946e-06
1.199999999999999946e-06
1.199999999999999946e-06
1.199999999999999946e-06
1.199999999999999946e-06
1.199999999999999946e-06
9.972593501699087698e-07
8.024217408002490082e-07
1.160084775894023853e-06

------------------------------------
1.999999999999999909e-07
1.999999999999999909e-07
1.199999999999999946e-06
1.199999999999999946e-06
1.199999999999999946e-06
1.199999999999999946e-06
1.199999999999999946e-06
1.199999999999999946e-06
1.199999999999999946e-06
1.199999999999999946e-06
1.199999999999999946e-06
1.199999999999999946e-06
1.201000000000000021e-06
1.199999999999999946e-06
1.199999999999999946e-06
1.199999999999999946e-06
1.199999999999999946e-06
1.199999999999999946e-06
1.199999999999999946e-06
9.972593501699087698e-07
8.024217408002490082e-07
1.160084775894023853e-06

------------------------------------
1.999999999999999909e-07
1.999999999999999909e-07
1.199999999999999946e-06
1.199999999999999946e-06
1.199999999999999946e-06
1.199999999999999946e-06
1.199999999999999946e-06
1.199999999999999946e-06
1.199999999999999946e-06
1.199999999999999946e-06
1.199999999999999946e-06
1.199999999999999946e-06
1.199999999999999946e-06
1.201000000000000021e-06
1.199999999999999946e-06
1.199999999999999946e-06
1.199999999999999946e-06
1.199999999999999946e-06
1.199999999999999946e-06
9.972593501699087698e-07
8.024217408002490082e-07
1.160084775894023853e-06

------------------------------------
1.999999999999999909e-07
1.999999999999999909e-07
1.199999999999999946e-06
1.199999999999999946e-06
1.199999999999999946e-06
1.199999999999999946e-06
1.199999999999999946e-06
1.199999999999999946e-06
1.199999999999999946e-06
1.199999999999999946e-06
1.199999999999999946e-06
1.199999999999999946e-06
1.199999999999999946e-06
1.201000000000000021e-06
1.199999999999999946e-06
1.199999999999999946e-06
1.199999999999999946e-06
1.199999999999999946e-06
1.199999999999999946e-06
9.972593501699087698e-07
8.024217408002490082e-07
1.160084775894023853e-06

------------------------------------
1.999999999999999909e-07
1.999999999999999909e-07
1.199999999999999946e-06
1.199999999999999946e-06
1.199999999999999946e-06
1.199999999999999946e-06
1.199999999999999946e-06
1.199999999999999946e-06
1.199999999999999946e-06
1.199999999999999946e-06
1.199999999999999946e-06
1.199999999999999946e-06
1.199999999999999946e-06
1.199999999999999946e-06
1.201000000000000021e-06
1.199999999999999946e-06
1.199999999999999946e-06
1.199999999999999946e-06
1.199999999999999946e-06
9.972593501699087698e-07
8.024217408002490082e-07
1.160084775894023853e-06

------------------------------------
1.999999999999999909e-07
1.999999999999999909e-07
1.199999999999999946e-06
1.199999999999999946e-06
1.199999999999999946e-06
1.199999999999999946e-06
1.199999999999999946e-06
1.199999999999999946e-06
1.199999999999999946e-06
1.199999999999999946e-06
1.199999999999999946e-06
1.199999999999999946e-06
1.199999999999999946e-06
1.199999999999999946e-06
1.201000000000000021e-06
1.199999999999999946e-06
1.199999999999999946e-06
1.199999999999999946e-06
1.199999999999999946e-06
9.972593501699087698e-07
8.024217408002490082e-07
1.160084775894023853e-06

------------------------------------
1.999999999999999909e-07
1.999999999999999909e-07
1.199999999999999946e-06
1.199999999999999946e-06
1.199999999999999946e-06
1.199999999999999946e-06
1.199999999999999946e-06
1.199999999999999946e-06
1.199999999999999946e-06
1.199999999999999946e-06
1.199999999999999946e-06
1.199999999999999946e-06
1.199999999999999946e-06
1.199999999999999946e-06
1.199999999999999946e-06
1.201000000000000021e-06
1.199999999999999946e-06
1.199999999999999946e-06
1.199999999999999946e-06
9.972593501699087698e-07
8.024217408002490082e-07
1.160084775894023853e-06

------------------------------------
1.999999999999999909e-07
1.999999999999999909e-07
1.199999999999999946e-06
1.199999999999999946e-06
1.199999999999999946e-06
1.199999999999999946e-06
1.199999999999999946e-06
1.199999999999999946e-06
1.199999999999999946e-06
1.199999999999999946e-06
1.199999999999999946e-06
1.199999999999999946e-06
1.199999999999999946e-06
1.199999999999999946e-06
1.199999999999999946e-06
1.201000000000000021e-06
1.199999999999999946e-06
1.199999999999999946e-06
1.199999999999999946e-06
9.972593501699087698e-07
8.024217408002490082e-07
1.160084775894023853e-06

------------------------------------
1.999999999999999909e-07
1.999999999999999909e-07
1.199999999999999946e-06
1.199999999999999946e-06
1.199999999999999946e-06
1.199999999999999946e-06
1.199999999999999946e-06
1.199999999999999946e-06
1.199999999999999946e-06
1.199999999999999946e-06
1.199999999999999946e-06
1.199999999999999946e-06
1.199999999999999946e-06
1.199999999999999946e-06
1.199999999999999946e-06
1.199999999999999946e-06
1.201000000000000021e-06
1.199999999999999946e-06
1.199999999999999946e-06
9.972593501699087698e-07
8.024217408002490082e-07
1.160084775894023853e-06

------------------------------------
1.999999999999999909e-07
1.999999999999999909e-07
1.199999999999999946e-06
1.199999999999999946e-06
1.199999999999999946e-06
1.199999999999999946e-06
1.199999999999999946e-06
1.199999999999999946e-06
1.199999999999999946e-06
1.199999999999999946e-06
1.199999999999999946e-06
1.199999999999999946e-06
1.199999999999999946e-06
1.199999999999999946e-06
1.199999999999999946e-06
1.199999999999999946e-06
1.201000000000000021e-06
1.199999999999999946e-06
1.199999999999999946e-06
9.972593501699087698e-07
8.024217408002490082e-07
1.160084775894023853e-06

------------------------------------
1.999999999999999909e-07
1.999999999999999909e-07
1.199999999999999946e-06
1.199999999999999946e-06
1.199999999999999946e-06
1.199999999999999946e-06
1.199999999999999946e-06
1.199999999999999946e-06
1.199999999999999946e-06
1.199999999999999946e-06
1.199999999999999946e-06
1.199999999999999946e-06
1.199999999999999946e-06
1.199999999999999946e-06
1.199999999999999946e-06
1.199999999999999946e-06
1.199999999999999946e-06
1.201000000000000021e-06
1.199999999999999946e-06
9.972593501699087698e-07
8.024217408002490082e-07
1.160084775894023853e-06

------------------------------------
1.999999999999999909e-07
1.999999999999999909e-07
1.199999999999999946e-06
1.199999999999999946e-06
1.199999999999999946e-06
1.199999999999999946e-06
1.199999999999999946e-06
1.199999999999999946e-06
1.199999999999999946e-06
1.199999999999999946e-06
1.199999999999999946e-06
1.199999999999999946e-06
1.199999999999999946e-06
1.199999999999999946e-06
1.199999999999999946e-06
1.199999999999999946e-06
1.199999999999999946e-06
1.201000000000000021e-06
1.199999999999999946e-06
9.972593501699087698e-07
8.024217408002490082e-07
1.160084775894023853e-06

------------------------------------
1.999999999999999909e-07
1.999999999999999909e-07
1.199999999999999946e-06
1.199999999999999946e-06
1.199999999999999946e-06
1.199999999999999946e-06
1.199999999999999946e-06
1.199999999999999946e-06
1.199999999999999946e-06
1.199999999999999946e-06
1.199999999999999946e-06
1.199999999999999946e-06
1.199999999999999946e-06
1.199999999999999946e-06
1.199999999999999946e-06
1.199999999999999946e-06
1.199999999999999946e-06
1.199999999999999946e-06
1.201000000000000021e-06
9.972593501699087698e-07
8.024217408002490082e-07
1.160084775894023853e-06

------------------------------------
1.999999999999999909e-07
1.999999999999999909e-07
1.199999999999999946e-06
1.199999999999999946e-06
1.199999999999999946e-06
1.199999999999999946e-06
1.199999999999999946e-06
1.199999999999999946e-06
1.199999999999999946e-06
1.199999999999999946e-06
1.199999999999999946e-06
1.199999999999999946e-06
1.199999999999999946e-06
1.199999999999999946e-06
1.199999999999999946e-06
1.199999999999999946e-06
1.199999999999999946e-06
1.199999999999999946e-06
1.201000000000000021e-06
9.972593501699087698e-07
8.024217408002490082e-07
1.160084775894023853e-06

------------------------------------
1.999999999999999909e-07
1.999999999999999909e-07
1.199999999999999946e-06
1.199999999999999946e-06
1.199999999999999946e-06
1.199999999999999946e-06
1.199999999999999946e-06
1.199999999999999946e-06
1.199999999999999946e-06
1.199999999999999946e-06
1.199999999999999946e-06
1.199999999999999946e-06
1.199999999999999946e-06
1.199999999999999946e-06
1.199999999999999946e-06
1.199999999999999946e-06
1.199999999999999946e-06
1.199999999999999946e-06
1.199999999999999946e-06
9.982593501699088449e-07
8.024217408002490082e-07
1.160084775894023853e-06

------------------------------------
1.999999999999999909e-07
1.999999999999999909e-07
1.199999999999999946e-06
1.199999999999999946e-06
1.199999999999999946e-06
1.199999999999999946e-06
1.199999999999999946e-06
1.199999999999999946e-06
1.199999999999999946e-06
1.199999999999999946e-06
1.199999999999999946e-06
1.199999999999999946e-06
1.199999999999999946e-06
1.199999999999999946e-06
1.199999999999999946e-06
1.199999999999999946e-06
1.199999999999999946e-06
1.199999999999999946e-06
1.199999999999999946e-06
9.982593501699088449e-07
8.024217408002490082e-07
1.160084775894023853e-06

------------------------------------
1.999999999999999909e-07
1.999999999999999909e-07
1.199999999999999946e-06
1.199999999999999946e-06
1.199999999999999946e-06
1.199999999999999946e-06
1.199999999999999946e-06
1.199999999999999946e-06
1.199999999999999946e-06
1.199999999999999946e-06
1.199999999999999946e-06
1.199999999999999946e-06
1.199999999999999946e-06
1.199999999999999946e-06
1.199999999999999946e-06
1.199999999999999946e-06
1.199999999999999946e-06
1.199999999999999946e-06
1.199999999999999946e-06
9.972593501699087698e-07
8.034217408002489775e-07
1.160084775894023853e-06

------------------------------------
1.999999999999999909e-07
1.999999999999999909e-07
1.199999999999999946e-06
1.199999999999999946e-06
1.199999999999999946e-06
1.199999999999999946e-06
1.199999999999999946e-06
1.199999999999999946e-06
1.199999999999999946e-06
1.199999999999999946e-06
1.199999999999999946e-06
1.199999999999999946e-06
1.199999999999999946e-06
1.199999999999999946e-06
1.199999999999999946e-06
1.199999999999999946e-06
1.199999999999999946e-06
1.199999999999999946e-06
1.199999999999999946e-06
9.972593501699087698e-07
8.034217408002489775e-07
1.160084775894023853e-06

------------------------------------
1.999999999999999909e-07
1.999999999999999909e-07
1.199999999999999946e-06
1.199999999999999946e-06
1.199999999999999946e-06
1.199999999999999946e-06
1.199999999999999946e-06
1.199999999999999946e-06
1.199999999999999946e-06
1.199999999999999946e-06
1.199999999999999946e-06
1.199999999999999946e-06
1.199999999999999946e-06
1.199999999999999946e-06
1.199999999999999946e-06
1.199999999999999946e-06
1.199999999999999946e-06
1.199999999999999946e-06
1.199999999999999946e-06
9.972593501699087698e-07
8.024217408002490082e-07
1.161084775894023928e-06

------------------------------------
1.999999999999999909e-07
1.999999999999999909e-07
1.199999999999999946e-06
1.199999999999999946e-06
1.199999999999999946e-06
1.199999999999999946e-06
1.199999999999999946e-06
1.199999999999999946e-06
1.199999999999999946e-06
1.199999999999999946e-06
1.199999999999999946e-06
1.199999999999999946e-06
1.199999999999999946e-06
1.199999999999999946e-06
1.199999999999999946e-06
1.199999999999999946e-06
1.199999999999999946e-06
1.199999999999999946e-06
1.199999999999999946e-06
9.972593501699087698e-07
8.024217408002490082e-07
1.161084775894023928e-06

------------------------------------
2.654531847306515671e-07
4.778650808866116968e-07
8.052232658998097092e-07
7.354269655143571213e-07
6.626621916484895754e-07
6.209741479004207883e-07
5.873224161201584761e-07
7.382662049926236175e-07
8.426811684870403193e-07
8.888712849868072440e-07
8.596491942648280665e-07
5.533873919141294641e-07
5.834353105766854108e-07
5.628385327685127263e-07
5.222533955658934889e-07
5.764492957416940113e-07
6.284129223461803128e-07
6.457921180979675341e-07
7.260931068686145026e-07
8.803162232060921633e-07
7.888937152164836699e-07
8.545344783433703824e-07

------------------------------------
2.654531847306515671e-07
4.778650808866116968e-07
8.052232658998097092e-07
7.354269655143571213e-07
6.626621916484895754e-07
6.209741479004207883e-07
5.873224161201584761e-07
7.382662049926236175e-07
8.426811684870403193e-07
8.888712849868072440e-07
8.596491942648280665e-07
5.533873919141294641e-07
5.834353105766854108e-07
5.628385327685127263e-07
5.222533955658934889e-07
5.764492957416940113e-07
6.284129223461803128e-07
6.457921180979675341e-07
7.260931068686145026e-07
8.803162232060921633e-07
7.888937152164836699e-07
8.545344783433703824e-07
